#Catalina_Surveys_ID Numerical_ID ra dec V_(mag) Period_(days) Amplitude Number_Obs Var_Type ra_deg dec_deg
CSS_J002243.9-025137 1004003047047 00:22:43.96 -02:51:37.8 18.87 0.5440341 0.82 125 4 5.68316666667 -1.1395
CSS_J002414.1-025012 1004003046279 00:24:14.11 -02:50:12.0 13.9 0.287964 0.55 108 1 6.05879166667 -1.16333333333
CSS_J003412.4-013154 1001004022706 00:34:12.46 -01:31:54.6 17.0 138.045 1.31 184 13 8.55191666667 -0.468166666667
CSS_J003428.3+003818 1101004013292 00:34:28.31 +00:38:18.8 14.54 0.274262 0.51 198 1 8.61795833333 0.638555555556
CSS_J003504.7+010845 1101004023765 00:35:04.78 +01:08:45.7 17.35 170.707 0.94 198 13 8.76991666667 1.14602777778
CSS_J003550.3-003145 1001004039812 00:35:50.32 -00:31:45.6 17.03 0.2786720 0.24 186 1 8.95966666667 0.529333333333
CSS_J003604.4-010814 1001004029543 00:36:04.44 -01:08:14.6 16.43 0.310506 0.56 186 1 9.0185 -0.862611111111
CSS_J003813.6+001611 1101004006002 00:38:13.66 +00:16:11.5 16.69 0.23436 0.35 198 1 9.55691666667 0.269861111111
CSS_J003847.0-010012 1001004031934 00:38:47.05 -01:00:12.8 13.82 0.471738 0.08 186 1 9.69604166667 -0.996444444444
CSS_J004125.6+010859 1101004023852 00:41:25.62 +01:08:59.7 17.35 0.3390062 0.43 198 5 10.35675 1.14991666667
CSS_J004254.5+001758 1101004006530 00:42:54.55 +00:17:58.0 16.82 0.3381746 0.4 198 5 10.7272916667 0.299444444444
CSS_J004314.1+003520 1101004012479 00:43:14.14 +00:35:20.6 14.47 0.256278 0.68 198 1 10.8089166667 0.589055555556
CSS_J004340.9-003413 1001004039070 00:43:40.96 -00:34:13.6 15.89 0.3948270 0.15 186 1 10.9206666667 0.570444444444
CSS_J004746.8-005015 1001005035721 00:47:46.88 -00:50:15.7 13.96 0.6750800 0.64 182 2 11.9453333333 0.837694444444
CSS_J004949.7-011212 1001005029084 00:49:49.72 -01:12:12.2 14.55 0.365948 0.49 182 1 12.4571666667 -0.796611111111
CSS_J005019.2-000241 1001005047329 00:50:19.29 -00:02:41.5 17.75 0.230758 0.59 167 1 12.580375 0.0448611111111
CSS_J005051.0+002341 1101005007749 00:50:51.08 +00:23:41.5 16.9 0.29139 0.35 196 1 12.7128333333 0.394861111111
CSS_J005438.5-010221 1001005031832 00:54:38.54 -01:02:21.7 15.33 0.270298 0.23 182 1 13.6605833333 -0.960638888889
CSS_J005711.0-010735 1001006030754 00:57:11.04 -01:07:35.4 14.99 0.344993 0.29 198 1 14.296 -0.8735
CSS_J005712.3-000559 1001006051468 00:57:12.36 -00:05:59.2 17.97 0.3848825 0.48 197 5 14.3015 0.0997777777778
CSS_J005714.8+003428 1101006011387 00:57:14.89 +00:34:28.5 14.47 0.341308 0.14 203 1 14.3120416667 0.574583333333
CSS_J005718.6-025833 1004006048075 00:57:18.62 -02:58:33.8 18.8 0.557323 0.87 195 4 14.3275833333 -1.02394444444
CSS_J005750.0-025808 1004006047935 00:57:50.08 -02:58:08.9 13.61 0.269316 0.27 198 1 14.4586666667 -1.03086111111
CSS_J005753.9-004635 1001006038035 00:57:53.91 -00:46:35.1 12.11 0.4283 0.33 199 1 14.474625 0.776416666667
CSS_J005828.0-004502 1001006037863 00:58:28.00 -00:45:02.1 17.41 0.3333022 0.36 198 5 14.6166666667 0.750583333333
CSS_J005902.4+001357 1101006004876 00:59:02.42 +00:13:57.5 15.85 0.297428 0.48 203 1 14.7600833333 0.232638888889
CSS_J010045.1-010212 1001006032764 01:00:45.11 -01:02:12.0 16.33 0.5013599 0.53 236 4 15.1879583333 -0.963333333333
CSS_J010133.3-004753 1001006037001 01:01:33.38 -00:47:53.6 16.21 0.261486 0.71 198 1 15.3890833333 0.798222222222
CSS_J010229.0-000334 1001006051153 01:02:29.07 -00:03:34.3 15.7 0.6354628 0.46 233 4 15.621125 0.0595277777778
CSS_J010354.3-014217 1001006019747 01:03:54.39 -01:42:17.1 17.31 0.4003110 0.25 198 5 15.976625 -0.29525
CSS_J010425.2-003041 1001006042853 01:04:25.20 -00:30:41.6 13.52 0.321364 0.55 198 1 16.105 0.511555555556
CSS_J010453.4-000200 1001006050189 01:04:53.41 -00:02:00.6 14.0 0.356037 0.38 167 1 16.2225416667 0.0335
CSS_J010907.9+004941 1101007015699 01:09:07.97 +00:49:41.7 14.37 0.476096 0.08 197 1 17.2832083333 0.82825
CSS_J011048.4-001245 1001007045398 01:10:48.45 -00:12:45.0 17.37 0.279476 0.37 200 1 17.701875 0.2125
CSS_J011136.0-004400 1001007036222 01:11:36.02 -00:44:00.2 15.86 3.4329 0.46 202 2 17.9000833333 0.733388888889
CSS_J011312.1-004238 1001007036711 01:13:12.19 -00:42:38.8 15.47 0.31454 0.2 202 1 18.3007916667 0.710777777778
CSS_J011313.6+004957 1101007015822 01:13:13.64 +00:49:57.7 13.83 0.312558 0.32 197 1 18.3068333333 0.832694444444
CSS_J011351.6+011357 1101007023338 01:13:51.67 +01:13:57.1 14.88 0.35351 0.34 197 1 18.4652916667 1.23252777778
CSS_J011435.4-001757 1001007044030 01:14:35.44 -00:17:57.9 14.48 0.2384469 0.09 202 8 18.6476666667 0.299416666667
CSS_J011446.6+002045 1101007006875 01:14:46.61 +00:20:45.5 15.72 0.3364022 0.42 197 5 18.6942083333 0.345972222222
CSS_J011818.5-005643 1001007032234 01:18:18.50 -00:56:43.6 15.74 0.5544320 0.45 197 2 19.5770833333 0.945444444444
CSS_J011904.3+003121 1101008010469 01:19:04.30 +00:31:21.8 15.74 0.392658 0.15 198 1 19.7679166667 0.522722222222
CSS_J011908.9+001940 1101008006680 01:19:08.97 +00:19:40.6 15.83 0.298372 0.32 198 1 19.787375 0.327944444444
CSS_J012025.4+001625 1101008005810 01:20:25.47 +00:16:25.1 13.52 0.372246 0.49 202 1 20.106125 0.273638888889
CSS_J012119.1-001950 1001008044952 01:21:19.11 -00:19:50.7 15.69 0.207282 0.64 213 1 20.329625 0.33075
CSS_J012126.2+002831 1101008009597 01:21:26.25 +00:28:31.1 14.82 0.316394 0.22 202 1 20.359375 0.475305555556
CSS_J012419.6+011505 1101008024427 01:24:19.64 +01:15:05.8 16.77 0.351758 0.26 202 1 21.0818333333 1.25161111111
CSS_J012625.3-012244 1001008025332 01:26:25.35 -01:22:44.0 15.12 0.352152 0.32 213 1 21.605625 -0.621111111111
CSS_J012632.1-000515 1001008047535 01:26:32.12 -00:05:15.3 16.99 0.28289 0.25 209 1 21.6338333333 0.0875833333333
CSS_J012632.3+002059 1101008007123 01:26:32.34 +00:20:59.0 15.06 1.73709 0.22 202 2 21.63475 0.349722222222
CSS_J012713.4-002500 1001008043180 01:27:13.46 -00:25:00.1 17.52 0.280726 0.37 212 1 21.8060833333 0.416694444444
CSS_J012714.3+004403 1101008014361 01:27:14.37 +00:44:03.7 17.44 0.3786856 0.34 202 5 21.809875 0.734361111111
CSS_J012856.8-003718 1001008039253 01:28:56.87 -00:37:18.5 17.11 0.260326 0.18 212 1 22.2369583333 0.621805555556
CSS_J012927.4-005131 1001008035096 01:29:27.42 -00:51:31.6 13.15 0.8466869 0.23 213 1 22.36425 0.858777777778
CSS_J013101.1-025442 1004009051248 01:31:01.16 -02:54:42.6 15.64 0.89048 0.16 193 2 22.7548333333 -1.08816666667
CSS_J013130.1-013214 1001009023440 01:31:30.13 -01:32:14.7 14.96 0.24027 0.37 202 1 22.8755416667 -0.462583333333
CSS_J013200.1+002926 1101009009230 01:32:00.19 +00:29:26.7 15.24 0.31118 0.28 202 1 23.0007916667 0.49075
CSS_J013415.8-010040 1001009032804 01:34:15.87 -01:00:40.5 16.29 0.246818 0.55 204 1 23.566125 -0.98875
CSS_J013709.4+001208 1101009003828 01:37:09.41 +00:12:08.9 17.57 0.641685 0.28 202 4 24.2892083333 0.202472222222
CSS_J013814.6-003620 1001009040624 01:38:14.67 -00:36:20.7 14.63 0.449778 0.15 204 1 24.561125 0.60575
CSS_J013832.5-000344 1001009050644 01:38:32.50 -00:03:44.6 13.48 168.833 1.14 189 13 24.6354166667 0.0623888888889
CSS_J014152.3-005327 1001010039266 01:41:52.35 -00:53:27.8 15.34 0.2694537 0.32 208 5 25.468125 0.891055555556
CSS_J014230.3+004527 1101010014637 01:42:30.38 +00:45:27.9 16.49 0.291046 0.35 210 1 25.6265833333 0.75775
CSS_J014305.2+000200 1101010001294 01:43:05.26 +00:02:00.4 15.52 0.291785 0.46 188 1 25.7719166667 0.0334444444444
CSS_J014305.3+010549 1101010021310 01:43:05.32 +01:05:49.5 17.04 0.35372 0.58 212 6 25.7721666667 1.09708333333
CSS_J014340.8+003028 1101010009903 01:43:40.83 +00:30:28.4 17.02 0.34018 0.36 212 5 25.920125 0.507888888889
CSS_J014349.4-003003 1001010046964 01:43:49.48 -00:30:03.3 16.18 0.24752 0.45 212 1 25.9561666667 0.500916666667
CSS_J014458.1-013526 1001010024960 01:44:58.19 -01:35:26.5 16.38 0.286724 0.53 212 1 26.2424583333 -0.409305555556
CSS_J014538.9-011826 1001010030690 01:45:38.98 -01:18:26.5 17.15 0.333582 0.45 212 5 26.4124166667 -0.692638888889
CSS_J014605.4-014448 1001010021730 01:46:05.49 -01:44:48.6 17.79 0.521224 0.3 212 1 26.522875 -0.253166666667
CSS_J014730.2-010234 1001010036427 01:47:30.29 -01:02:34.2 14.2 177.98711 0.91 212 13 26.8762083333 -0.957166666667
CSS_J014929.7+000918 1101010003368 01:49:29.74 +00:09:18.6 16.92 0.6827919 0.18 256 4 27.3739166667 0.155166666667
CSS_J015058.1-005051 1001010040054 01:50:58.12 -00:50:51.0 17.82 0.3631965 0.53 211 6 27.7421666667 0.8475
CSS_J015058.7+003023 1101010010030 01:50:58.72 +00:30:23.0 14.59 0.258322 0.22 212 1 27.7446666667 0.506388888889
CSS_J015128.4+011457 1101010024427 01:51:28.47 +01:14:57.3 17.13 0.4997910 1.09 255 4 27.868625 1.24925
CSS_J015136.0-013646 1001010024734 01:51:36.03 -01:36:46.0 13.95 142.38970 0.56 212 10 27.900125 -0.387222222222
CSS_J015225.1-001712 1001010051194 01:52:25.14 -00:17:12.3 15.42 0.797843 0.44 131 4 28.10475 0.28675
CSS_J015257.2-001458 1001011055479 01:52:57.24 -00:14:58.6 16.06 0.303912 0.4 208 1 28.2385 0.249611111111
CSS_J015353.0-013616 1001011026250 01:53:53.08 -01:36:16.6 14.75 0.283222 0.31 214 1 28.4711666667 -0.395388888889
CSS_J015403.5-011806 1001011033034 01:54:03.52 -01:18:06.3 14.02 0.442856 0.29 215 1 28.5146666667 -0.69825
CSS_J015417.8-011740 1001011033131 01:54:17.83 -01:17:40.1 14.59 0.303036 0.48 215 1 28.5742916667 -0.705527777778
CSS_J015611.4-000421 1001011059416 01:56:11.41 -00:04:21.5 14.6 0.8466400 0.46 207 2 29.0475416667 0.0726388888889
CSS_J015638.8+002211 1101011007818 01:56:38.80 +00:22:11.7 17.89 0.244872 0.54 211 1 29.1616666667 0.369916666667
CSS_J015838.1-011725 1001011033151 01:58:38.17 -01:17:25.5 17.66 0.84633 0.69 215 2 29.6590416667 -0.709583333333
CSS_J015853.6-013432 1001011026679 01:58:53.65 -01:34:32.3 16.73 0.23616 0.43 215 1 29.7235416667 -0.424361111111
CSS_J015920.4-011040 1001011035993 01:59:20.40 -01:10:40.1 13.1 0.310116 0.3 215 5 29.835 -0.822194444444
CSS_J015937.9+011322 1101011026100 01:59:37.96 +01:13:22.7 17.02 0.2843384 0.39 211 5 29.9081666667 1.22297222222
CSS_J015949.4+000317 1101011001466 01:59:49.45 +00:03:17.1 15.7 0.252788 0.15 204 1 29.9560416667 0.05475
CSS_J020003.9+004227 1101011015015 02:00:03.91 +00:42:27.4 17.62 0.247318 0.22 211 1 30.0162916667 0.707611111111
CSS_J020254.9-010559 1001011037523 02:02:54.92 -01:05:59.3 14.59 0.266273 0.21 215 5 30.7288333333 -0.900194444444
CSS_J020314.8+011221 1101011025752 02:03:14.85 +01:12:21.0 16.78 0.3512597 0.41 211 5 30.811875 1.20583333333
CSS_J020432.6-012118 1001012030973 02:04:32.66 -01:21:18.1 12.76 0.573482 0.29 216 1 31.1360833333 -0.644972222222
CSS_J020448.4+011051 1101012024247 02:04:48.42 +01:10:51.8 15.63 0.318886 0.09 218 1 31.20175 1.18105555556
CSS_J020508.3+003429 1101012011905 02:05:08.35 +00:34:29.5 14.35 1.05883 0.2 218 1 31.2847916667 0.574861111111
CSS_J020549.6+010856 1101012023525 02:05:49.69 +01:08:56.5 16.02 0.5766300 0.6 218 2 31.4570416667 1.14902777778
CSS_J020943.4-010841 1001012035107 02:09:43.45 -01:08:41.1 17.29 0.6499890 0.23 252 4 32.4310416667 -0.85525
CSS_J021306.1-002412 1001012051268 02:13:06.13 -00:24:12.0 14.47 0.334276 0.11 216 1 33.2755416667 0.403333333333
CSS_J021435.7+000628 1101012002479 02:14:35.77 +00:06:28.5 17.18 0.8108140 0.29 218 2 33.6490416667 0.107916666667
CSS_J021645.3-004316 1001013044468 02:16:45.35 -00:43:16.9 14.01 0.305181 0.22 202 1 34.1889583333 0.721361111111
CSS_J021717.1-010247 1001013037900 02:17:17.15 -01:02:47.8 14.42 0.741128 0.39 202 1 34.3214583333 -0.953388888889
CSS_J021743.9-013140 1001013028121 02:17:43.93 -01:31:40.0 17.84 0.34521 0.4 202 5 34.4330416667 -0.472222222222
CSS_J021805.9-014737 1001013022529 02:18:05.95 -01:47:37.9 17.93 0.3253750 0.39 202 5 34.5247916667 -0.206138888889
CSS_J021907.5-000333 1001013056406 02:19:07.56 -00:03:33.9 18.02 0.3396804 0.51 190 5 34.7815 0.0594166666667
CSS_J021930.8-014451 1001013023705 02:19:30.88 -01:44:51.0 14.63 0.353154 0.45 202 1 34.8786666667 -0.2525
CSS_J022057.9+003133 1101013011006 02:20:57.93 +00:31:33.6 13.78 2.87591 0.23 218 8 35.241375 0.526
CSS_J022120.9-005442 1001013040438 02:21:20.90 -00:54:42.9 14.77 0.8243792 0.54 202 2 35.3370833333 0.911916666667
CSS_J022214.4-014029 1001013025100 02:22:14.44 -01:40:29.5 17.49 0.6227786 0.36 202 4 35.5601666667 -0.325138888889
CSS_J022239.4-012504 1001013030359 02:22:39.42 -01:25:04.9 16.69 1.2930 0.71 202 10 35.66425 -0.581972222222
CSS_J022414.5-013819 1001013025984 02:24:14.59 -01:38:19.5 14.37 0.423633 0.39 202 1 36.0607916667 -0.36125
CSS_J022554.9-004008 1001013045637 02:25:54.97 -00:40:08.5 13.24 0.340991 0.15 196 1 36.4790416667 0.669027777778
CSS_J022904.9+011102 1101014023708 02:29:04.94 +01:11:02.4 14.43 0.215004 0.11 212 1 37.2705833333 1.184
CSS_J023054.8-001523 1001014052694 02:30:54.86 -00:15:23.6 15.85 0.231608 0.6 206 1 37.7285833333 0.256555555556
CSS_J023059.5-011837 1001014030814 02:30:59.55 -01:18:37.6 16.18 0.288034 0.48 206 5 37.748125 -0.689555555556
CSS_J023304.4-005250 1001014039906 02:33:04.43 -00:52:50.3 14.93 0.241116 0.56 206 1 38.2684583333 0.880638888889
CSS_J023317.7-002323 1001014050038 02:33:17.76 -00:23:23.2 18.11 0.378721 0.23 206 1 38.324 0.389777777778
CSS_J023424.1-004308 1001014043485 02:34:24.11 -00:43:08.5 15.55 0.334152 0.35 206 1 38.6004583333 0.719027777778
CSS_J023534.1-013912 1001014024014 02:35:34.11 -01:39:12.5 13.64 0.262864 0.42 206 5 38.892125 -0.346527777778
CSS_J023537.7-000352 1001014055307 02:35:37.74 -00:03:52.2 16.84 0.294598 0.74 197 1 38.90725 0.0645
CSS_J023538.5+001045 1101014003891 02:35:38.58 +00:10:45.5 14.81 0.5899889 0.05 213 1 38.91075 0.179305555556
CSS_J023810.7+005743 1101015018333 02:38:10.70 +00:57:43.1 18.96 0.314222 0.46 226 1 39.5445833333 0.961972222222
CSS_J024108.3-004901 1001015041024 02:41:08.32 -00:49:01.8 14.96 0.244048 0.67 205 1 40.2846666667 0.817166666667
CSS_J024109.5+004813 1101015015323 02:41:09.54 +00:48:13.7 18.41 0.276447 0.61 230 1 40.28975 0.803805555556
CSS_J024202.2+003953 1101015012718 02:42:02.20 +00:39:53.7 16.96 0.3610212 0.32 230 5 40.5091666667 0.664916666667
CSS_J024227.0+011332 1101015023738 02:42:27.09 +01:13:32.2 15.03 0.4050529 0.4 230 5 40.612875 1.22561111111
CSS_J024252.5+010322 1101015020299 02:42:52.53 +01:03:22.6 15.7 0.2319700 0.12 230 14 40.718875 1.05627777778
CSS_J024327.3-024416 1001015005289 02:43:27.33 -02:44:16.4 14.68 0.366148 0.28 204 1 40.863875 -1.26211111111
CSS_J024337.4-015239 1001015018584 02:43:37.41 -01:52:39.9 16.74 0.301703 0.34 205 5 40.905875 -0.12225
CSS_J024350.2+002449 1101015007944 02:43:50.20 +00:24:49.1 15.23 0.264048 0.31 230 1 40.9591666667 0.413638888889
CSS_J024358.4+001759 1101015005924 02:43:58.48 +00:17:59.6 15.79 0.376092 0.29 230 1 40.9936666667 0.299888888889
CSS_J024408.0+000324 1101015001511 02:44:08.06 +00:03:24.7 16.57 0.281994 0.32 221 1 41.0335833333 0.0568611111111
CSS_J024432.0-001320 1001015053004 02:44:32.05 -00:13:20.1 17.54 0.260936 0.73 205 1 41.1335416667 0.22225
CSS_J024616.7+004654 1101015015000 02:46:16.79 +00:46:54.3 16.45 0.263936 0.2 230 1 41.5699583333 0.78175
CSS_J024645.3+000932 1101015003509 02:46:45.39 +00:09:32.3 13.33 3.43923 0.14 230 8 41.689125 0.158972222222
CSS_J024721.8-011437 1001015032026 02:47:21.89 -01:14:37.1 17.98 0.293584 0.22 204 1 41.8412083333 -0.756361111111
CSS_J024745.2+003607 1101015011417 02:47:45.25 +00:36:07.7 17.73 0.2877281 0.47 230 5 41.9385416667 0.602138888889
CSS_J025054.7+001014 1101016003579 02:50:54.71 +00:10:14.6 15.45 0.789466 0.3 232 2 42.7279583333 0.170722222222
CSS_J025250.7-012951 1001016026641 02:52:50.70 -01:29:51.9 16.85 0.26065 0.25 208 1 43.21125 -0.50225
CSS_J025310.6+001921 1101016006327 02:53:10.65 +00:19:21.4 14.81 0.418222 0.26 232 1 43.294375 0.322611111111
CSS_J025402.8-002512 1001016047285 02:54:02.81 -00:25:12.7 13.79 0.3373675 0.37 208 5 43.5117083333 0.420194444444
CSS_J025403.7+005855 1101016018399 02:54:03.74 +00:58:55.0 17.39 2.1744226 0.26 232 16 43.5155833333 0.981944444444
CSS_J025414.6+002004 1101016006642 02:54:14.69 +00:20:04.6 14.95 \\nodata 0.17 232 17 43.5612083333 0.334611111111
CSS_J025426.9-003400 1001016044550 02:54:26.93 -00:34:00.8 16.59 0.5682180 0.43 208 2 43.6122083333 0.566888888889
CSS_J025431.2-010138 1001016035757 02:54:31.29 -01:01:38.9 16.9 0.3997574 0.65 208 2 43.630375 -0.972527777778
CSS_J025721.1-001315 1001016050724 02:57:21.11 -00:13:15.1 16.77 0.3094308 0.3 208 5 44.3379583333 0.220861111111
CSS_J025917.1-005917 1001016036508 02:59:17.11 -00:59:17.5 16.42 0.47773 0.6 208 1 44.8212916667 0.988194444444
CSS_J025924.1-005917 1001016036725 02:59:24.11 -00:59:17.1 14.94 0.45907 0.27 208 1 44.8504583333 0.988083333333
CSS_J030002.0+010340 1101017021283 03:00:02.05 +01:03:40.7 15.4 0.385853 0.38 240 1 45.0085416667 1.06130555556
CSS_J030217.5-012804 1001017025552 03:02:17.58 -01:28:04.5 14.07 0.280636 0.55 224 1 45.57325 -0.532083333333
CSS_J030303.5-024613 1001017001387 03:03:03.59 -02:46:13.7 16.65 0.277584 0.48 208 3 45.7649583333 -1.22952777778
CSS_J030304.2+003029 1101017009930 03:03:04.24 +00:30:29.8 17.91 0.6418724 0.34 296 4 45.7676666667 0.508277777778
CSS_J030304.4+004809 1101017015746 03:03:04.45 +00:48:09.4 17.02 0.441208 0.15 244 1 45.7685416667 0.802611111111
CSS_J030313.0+005419 1101017018037 03:03:13.04 +00:54:19.8 14.48 224.05605 2.24 244 13 45.8043333333 0.9055
CSS_J030327.0-003735 1001017041988 03:03:27.06 -00:37:35.5 14.57 0.427902 0.32 224 1 45.86275 0.626527777778
CSS_J030402.1+004551 1101017015057 03:04:02.14 +00:45:51.3 15.44 2.58549 0.11 244 1 46.0089166667 0.76425
CSS_J030408.1+011538 1101017025735 03:04:08.17 +01:15:38.3 13.3 0.240458 0.35 244 1 46.0340416667 1.26063888889
CSS_J030413.7-011314 1001017030283 03:04:13.76 -01:13:14.1 17.1 0.3661409 0.5 224 5 46.0573333333 -0.779416666667
CSS_J030504.0+000448 1101017002177 03:05:04.04 +00:04:48.6 13.82 0.338456 0.38 239 1 46.2668333333 0.0801666666667
CSS_J030515.3-004155 1001017040690 03:05:15.33 -00:41:55.4 14.19 0.303754 0.4 224 1 46.313875 0.698722222222
CSS_J030714.7-015151 1001017017788 03:07:14.74 -01:51:51.9 14.64 0.317834 0.09 223 1 46.8114166667 -0.135583333333
CSS_J030717.8-013535 1001017023229 03:07:17.84 -01:35:35.7 12.76 0.377636 0.22 224 1 46.8243333333 -0.40675
CSS_J030753.5+005013 1101017016375 03:07:53.50 +00:50:13.3 18.94 0.353528 0.77 236 2 46.9729166667 0.837027777778
CSS_J030948.6-025300 1004017050771 03:09:48.62 -02:53:00.6 16.81 0.255527 0.28 198 5 47.4525833333 -1.1165
CSS_J031021.1+001454 1101017005015 03:10:21.17 +00:14:54.4 18.16 0.266842 0.4 242 1 47.5882083333 0.248444444444
CSS_J031022.7+005515 1101017018312 03:10:22.75 +00:55:15.1 14.36 0.287428 0.31 244 1 47.5947916667 0.920861111111
CSS_J031036.7-024553 1001017001376 03:10:36.71 -02:45:53.8 18.04 0.371052 0.4 211 1 47.6529583333 -1.23505555556
CSS_J031141.2-004348 1001018042499 03:11:41.24 -00:43:48.3 12.46 0.361938 0.45 211 1 47.9218333333 0.730083333333
CSS_J031240.9+002919 1101018009921 03:12:40.96 +00:29:19.3 16.05 0.266463 0.77 240 1 48.1706666667 0.488694444444
CSS_J031311.5+004153 1101018014017 03:13:11.53 +00:41:53.0 16.15 0.315122 0.57 240 1 48.2980416667 0.698055555556
CSS_J031333.0+004255 1101018014152 03:13:33.09 +00:42:55.1 18.1 0.4763703 0.44 297 4 48.387875 0.715305555556
CSS_J031335.7-002032 1001018050401 03:13:35.77 -00:20:32.2 12.7 1.1453568 0.25 214 8 48.3990416667 0.342277777778
CSS_J031448.8-001834 1001018050590 03:14:48.80 -00:18:34.2 14.05 0.389181 0.25 214 1 48.7033333333 0.3095
CSS_J031521.0+003157 1101018010907 03:15:21.09 +00:31:57.4 13.79 0.369142 0.52 240 1 48.837875 0.532611111111
CSS_J031618.4-001948 1001018050049 03:16:18.40 -00:19:48.9 16.1 0.309082 0.36 214 1 49.0766666667 0.33025
CSS_J031703.4-011023 1001018032921 03:17:03.46 -01:10:23.8 14.84 0.277928 0.34 214 1 49.2644166667 -0.826722222222
CSS_J031752.8+005523 1101018018278 03:17:52.84 +00:55:23.4 16.21 0.27838 0.46 240 1 49.4701666667 0.923166666667
CSS_J031817.5-013536 1001018024623 03:18:17.59 -01:35:36.3 14.36 0.368656 0.19 214 1 49.5732916667 -0.406583333333
CSS_J032029.5+000024 1101018000648 03:20:29.54 +00:00:24.0 15.03 0.454956 0.37 138 1 50.1230833333 0.00666666666667
CSS_J032113.0+004427 1101018014650 03:21:13.07 +00:44:27.1 17.44 0.279536 0.32 240 1 50.3044583333 0.740861111111
CSS_J032134.4-014407 1001018021551 03:21:34.48 -01:44:07.7 15.19 0.34906 0.19 214 1 50.3936666667 -0.264527777778
CSS_J032154.5-003937 1001018044133 03:21:54.52 -00:39:37.6 15.56 2.89725 0.77 214 2 50.4771666667 0.660444444444
CSS_J032318.2+000938 1101019003766 03:23:18.28 +00:09:38.9 14.09 0.367933 0.24 262 1 50.8261666667 0.160805555556
CSS_J032325.8+010634 1101019022829 03:23:25.86 +01:06:34.8 15.72 0.329704 0.65 262 2 50.85775 1.10966666667
CSS_J032329.1-003449 1001019046111 03:23:29.17 -00:34:49.3 15.66 1.7183636 0.15 225 1 50.8715416667 0.580361111111
CSS_J032357.6-013800 1001019024873 03:23:57.65 -01:38:00.7 19.04 0.236322 0.61 225 1 50.9902083333 -0.366472222222
CSS_J032432.6-011203 1001019033813 03:24:32.68 -01:12:03.3 15.29 1.39754 0.11 229 8 51.1361666667 -0.799083333333
CSS_J032441.5+010839 1101019023676 03:24:41.50 +01:08:39.2 14.55 0.426126 0.26 262 5 51.1729166667 1.14422222222
CSS_J032624.5+004028 1101019014132 03:26:24.57 +00:40:28.7 15.48 0.440215 0.31 262 1 51.602375 0.674638888889
CSS_J032645.2+004931 1101019016899 03:26:45.26 +00:49:31.4 17.01 0.705836 0.09 262 1 51.6885833333 0.825388888889
CSS_J032717.2+005516 1101019019191 03:27:17.25 +00:55:16.4 12.93 0.274864 0.18 262 6 51.821875 0.921222222222
CSS_J032723.6-010935 1001019034711 03:27:23.67 -01:09:35.1 13.74 4.52643 0.08 229 2 51.848625 -0.84025
CSS_J032747.2+004415 1101019015092 03:27:47.29 +00:44:15.4 15.66 0.301903 0.38 262 1 51.9470416667 0.737611111111
CSS_J032805.9+005544 1101019019247 03:28:05.94 +00:55:44.8 14.69 0.279789 0.67 262 1 52.02475 0.929111111111
CSS_J032821.3-025326 1004019055348 03:28:21.30 -02:53:26.3 17.71 0.4138846 0.29 207 5 52.08875 -1.10936111111
CSS_J032852.1+001811 1101019006236 03:28:52.19 +00:18:11.2 16.7 0.613747 0.6 262 1 52.2174583333 0.303111111111
CSS_J032902.4-005324 1001019039700 03:29:02.46 -00:53:24.6 17.29 0.258844 0.35 229 1 52.26025 0.890166666667
CSS_J032935.4-014911 1001019021539 03:29:35.47 -01:49:11.8 12.6 0.345872 0.3 228 1 52.3977916667 -0.180055555556
CSS_J032952.7-024425 1001019002212 03:29:52.74 -02:44:25.5 15.38 0.33687 0.2 229 1 52.46975 -1.25958333333
CSS_J032954.4+002321 1101019007962 03:29:54.44 +00:23:21.0 17.06 0.4303077 0.21 262 1 52.4768333333 0.389166666667
CSS_J033100.7-015355 1001019019595 03:31:00.75 -01:53:55.5 13.93 0.385158 0.15 229 1 52.753125 -0.10125
CSS_J033116.8+004944 1101019017048 03:31:16.89 +00:49:44.4 15.58 0.8052781 0.27 261 1 52.820375 0.829
CSS_J033117.7+004210 1101019014426 03:31:17.75 +00:42:10.1 14.88 0.7093968 0.83 261 2 52.8239583333 0.702805555556
CSS_J033204.0+004850 1101019016742 03:32:04.06 +00:48:50.7 16.17 0.367527 0.14 262 1 53.0169166667 0.814083333333
CSS_J033246.1+003307 1101019011333 03:32:46.13 +00:33:07.3 17.08 0.89978 0.26 262 2 53.1922083333 0.552027777778
CSS_J033348.1-011837 1001020030740 03:33:48.17 -01:18:37.4 13.84 0.310134 0.1 216 1 53.4507083333 -0.689611111111
CSS_J033432.3+000136 1101020001169 03:34:32.39 +00:01:36.7 15.09 2.78596 0.16 211 1 53.6349583333 0.0268611111111
CSS_J033441.5+010506 1101020022952 03:34:41.54 +01:05:06.0 14.29 0.282676 0.29 259 1 53.6730833333 1.085
CSS_J033502.8+011522 1101020026296 03:35:02.85 +01:15:22.0 15.5 0.32081 0.34 259 1 53.761875 1.25611111111
CSS_J033513.5+010405 1101020022503 03:35:13.50 +01:04:05.2 15.78 0.4972232 1.12 311 4 53.80625 1.06811111111
CSS_J033525.4-013746 1001020024090 03:35:25.42 -01:37:46.8 17.59 0.247336 0.17 221 1 53.8559166667 -0.370333333333
CSS_J033601.4-013252 1001020025757 03:36:01.44 -01:32:52.8 16.53 0.323904 0.22 221 1 54.006 -0.452
CSS_J033605.7-012356 1001020028802 03:36:05.78 -01:23:56.9 14.87 0.297564 0.17 221 1 54.0240833333 -0.600861111111
CSS_J033606.2+004959 1101020017558 03:36:06.27 +00:49:59.5 16.99 0.338374 0.38 259 1 54.026125 0.833194444444
CSS_J033645.9-015757 1001020017404 03:36:45.91 -01:57:57.1 13.92 0.248272 0.14 221 1 54.1912916667 -0.0341388888889
CSS_J033714.6-010304 1001020035803 03:37:14.65 -01:03:04.5 16.19 0.248926 0.1 221 1 54.3110416667 -0.94875
CSS_J033804.5+005529 1101020019587 03:38:04.59 +00:55:29.8 15.13 0.225416 0.09 259 1 54.519125 0.924944444444
CSS_J033921.3-024508 1001020001804 03:39:21.30 -02:45:08.1 16.41 0.373836 0.2 216 1 54.83875 -1.24775
CSS_J033941.2+011438 1101020025977 03:39:41.22 +01:14:38.9 15.95 1.10667 0.23 259 2 54.92175 1.24413888889
CSS_J034302.7+010935 1101020024323 03:43:02.79 +01:09:35.6 14.96 0.6119376 0.49 259 2 55.761625 1.15988888889
CSS_J034407.0-010304 1001020035841 03:44:07.05 -01:03:04.7 16.38 0.327124 0.36 221 1 56.029375 -0.948694444444
CSS_J034548.6-010903 1001021033135 03:45:48.69 -01:09:03.8 17.26 0.370288 0.32 237 1 56.452875 -0.848944444444
CSS_J034602.5-003343 1001021044868 03:46:02.57 -00:33:43.1 18.34 0.3578425 0.34 237 5 56.5107083333 0.561972222222
CSS_J034609.5-025109 1004021054517 03:46:09.52 -02:51:09.7 15.49 0.266688 0.5 198 1 56.5396666667 -1.14730555556
CSS_J034647.0-013921 1001021022848 03:46:47.03 -01:39:21.8 17.87 0.29029 0.4 237 1 56.6959583333 -0.343944444444
CSS_J034700.9+010020 1101021019202 03:47:00.90 +01:00:20.7 16.91 0.26489 0.26 265 1 56.75375 1.00575
CSS_J034729.0-024853 1001021000584 03:47:29.05 -02:48:53.4 15.34 0.226894 0.55 162 1 56.8710416667 -1.18516666667
CSS_J034740.9-024658 1001021001182 03:47:40.93 -02:46:58.1 14.93 3.8798 0.18 218 1 56.9205416667 -1.21719444444
CSS_J034802.7-001056 1001021053511 03:48:02.76 -00:10:56.5 14.1 1.04367 0.55 237 2 57.0115 0.182361111111
CSS_J035102.8-024503 1001021001760 03:51:02.84 -02:45:03.9 15.32 0.261411 0.84 233 1 57.7618333333 -1.24891666667
CSS_J035119.3+003216 1101021009937 03:51:19.35 +00:32:16.4 17.07 0.243004 0.79 266 1 57.830625 0.537888888889
CSS_J035127.3-001647 1001021050479 03:51:27.30 -00:16:47.6 17.25 0.256196 0.22 237 1 57.86375 0.279888888889
CSS_J035138.4-003924 1001021042927 03:51:38.47 -00:39:24.3 18.53 0.198919 0.64 236 1 57.9102916667 0.65675
CSS_J035232.0-015417 1001021018123 03:52:32.08 -01:54:17.6 13.99 0.426406 0.27 236 1 58.1336666667 -0.0951111111111
CSS_J035248.9-014207 1001021022075 03:52:48.99 -01:42:07.3 14.64 0.367955 0.22 237 1 58.204125 -0.297972222222
CSS_J035254.2-001359 1001021051873 03:52:54.23 -00:13:59.6 15.15 0.332568 0.44 232 1 58.2259583333 0.233222222222
CSS_J035308.1-024445 1001021001857 03:53:08.15 -02:44:45.1 15.5 0.230742 0.2 234 1 58.2839583333 -1.25413888889
CSS_J035359.4-000845 1001021056107 03:53:59.41 -00:08:45.8 14.02 0.273048 0.25 237 1 58.4975416667 0.146055555556
CSS_J035508.2+003237 1101021010161 03:55:08.28 +00:32:37.7 14.95 0.317106 0.3 266 1 58.7845 0.543805555556
CSS_J035608.8-000511 1001021055857 03:56:08.88 -00:05:11.5 15.89 0.35969 0.35 128 5 59.037 0.0865277777778
CSS_J035750.3+001250 1101022004301 03:57:50.35 +00:12:50.5 14.9 0.388005 0.49 269 1 59.4597916667 0.214027777778
CSS_J035853.3+004826 1101022014624 03:58:53.32 +00:48:26.7 17.45 0.236318 0.22 269 1 59.7221666667 0.807416666667
CSS_J040020.9+003358 1101022010329 04:00:20.93 +00:33:58.9 15.84 0.3396541 0.49 269 5 60.0872083333 0.566361111111
CSS_J040034.9-003816 1001022041244 04:00:34.93 -00:38:16.3 15.09 0.256182 0.34 256 1 60.1455416667 0.637861111111
CSS_J040348.1-000619 1001022051765 04:03:48.12 -00:06:19.5 16.66 0.28268 0.78 256 1 60.9505 0.105416666667
CSS_J040509.6-005737 1001022035347 04:05:09.62 -00:57:37.1 14.75 0.33742 0.14 256 1 61.2900833333 0.960305555556
CSS_J040526.3-014039 1001022022019 04:05:26.30 -01:40:39.9 12.8 0.378494 0.34 256 1 61.3595833333 -0.32225
CSS_J040550.6+004959 1101022014915 04:05:50.64 +00:49:59.9 19.11 0.239634 0.75 248 1 61.461 0.833305555556
CSS_J040606.1-011035 1001022031367 04:06:06.17 -01:10:35.2 16.57 0.8106656 0.26 256 2 61.5257083333 -0.823555555556
CSS_J040614.8-013144 1001022024567 04:06:14.83 -01:31:44.5 14.57 0.267642 0.09 256 1 61.5617916667 -0.470972222222
CSS_J040624.4-010534 1001022033167 04:06:24.44 -01:05:34.9 12.79 0.3774150 0.32 256 5 61.6018333333 -0.906972222222
CSS_J040626.4-005527 1001022035880 04:06:26.44 -00:55:27.2 18.27 3.1801195 0.47 256 8 61.6101666667 0.924222222222
CSS_J040632.6+011333 1101022021728 04:06:32.61 +01:13:33.4 15.84 0.4638362 0.41 269 2 61.635875 1.22594444444
CSS_J202717.9-011926 1001110069090 20:27:17.95 -01:19:26.0 12.67 3.4285 0.65 107 2 306.824791667 -0.676111111111
CSS_J202718.5-015920 1001110038049 20:27:18.54 -01:59:20.1 11.91 294.464 1.54 107 13 306.82725 -0.0110833333333
CSS_J202724.4-015348 1001110042531 20:27:24.43 -01:53:48.4 13.43 0.3889172 0.31 107 6 306.851791667 -0.103222222222
CSS_J202827.5-005331 1001110087894 20:28:27.56 -00:53:31.7 15.13 0.4421941 0.48 107 5 307.114833333 0.892138888889
CSS_J202921.5-000601 1001110124285 20:29:21.57 -00:06:01.3 15.84 0.458238 0.22 107 1 307.339875 0.100361111111
CSS_J202949.4-000601 1001110123970 20:29:49.40 -00:06:01.3 16.62 0.25829 0.58 107 1 307.455833333 0.100361111111
CSS_J203054.3-004644 1001110093237 20:30:54.38 -00:46:44.9 13.68 0.5606792 0.66 107 1 307.726583333 0.779138888889
CSS_J203128.1-011728 1001110070250 20:31:28.14 -01:17:28.8 15.74 0.8368550 0.53 107 1 307.86725 -0.708666666667
CSS_J203203.9-011321 1001110072944 20:32:03.96 -01:13:21.9 16.31 0.320132 0.17 107 1 308.0165 -0.77725
CSS_J203338.2-000313 1001110126076 20:33:38.29 -00:03:13.1 14.01 0.8160540 0.24 99 1 308.409541667 0.0536388888889
CSS_J203406.0-012240 1001110066792 20:34:06.06 -01:22:40.5 12.9 0.4258429 0.53 106 6 308.52525 -0.622083333333
CSS_J203411.2-004827 1001110091679 20:34:11.27 -00:48:27.6 16.98 0.5537927 0.54 103 4 308.546958333 0.807666666667
CSS_J203436.7-012205 1001110066785 20:34:36.79 -01:22:05.4 13.96 0.2981399 0.26 107 1 308.653291667 -0.631833333333
CSS_J203440.8-011901 1001110068893 20:34:40.89 -01:19:01.9 13.28 0.8918742 0.3 107 1 308.670375 -0.682805555556
CSS_J203611.5-011837 1001110068733 20:36:11.55 -01:18:37.5 18.46 0.296964 0.52 104 1 309.048125 -0.689583333333
CSS_J203735.0-013420 1001111055194 20:37:35.06 -01:34:20.1 16.24 0.3875261 0.38 119 1 309.396083333 -0.42775
CSS_J203759.7-013059 1001111058020 20:37:59.79 -01:30:59.1 14.4 0.4296232 0.24 119 1 309.499125 -0.483583333333
CSS_J203815.2-025327 1004111118530 20:38:15.22 -02:53:27.2 12.06 0.361787 0.7 197 4 309.563416667 -1.10911111111
CSS_J203815.9-003721 1001111112776 20:38:15.90 -00:37:21.2 17.28 0.348765 0.44 119 1 309.56625 0.622555555556
CSS_J203843.2-005444 1001111084303 20:38:43.22 -00:54:44.5 14.49 0.280294 0.37 119 1 309.680083333 0.912361111111
CSS_J203856.0-010514 1001111076718 20:38:56.00 -01:05:14.5 15.14 0.380758 0.18 119 1 309.733333333 -0.912638888889
CSS_J203922.4-010346 1001111077923 20:39:22.47 -01:03:46.2 13.78 0.370348 0.45 119 5 309.843625 -0.937166666667
CSS_J203935.0-005303 1001111085933 20:39:35.05 -00:53:03.0 16.37 0.3632355 0.27 117 5 309.896041667 0.884166666667
CSS_J203942.0-002528 1001111105076 20:39:42.00 -00:25:28.7 18.02 0.333526 0.48 119 1 309.925 0.424638888889
CSS_J204004.3-004722 1001111089610 20:40:04.30 -00:47:22.6 14.17 0.390014 0.31 119 1 310.017916667 0.789611111111
CSS_J204016.6-002823 1001111103810 20:40:16.64 -00:28:23.8 14.09 0.6295651 0.22 139 4 310.069333333 0.473277777778
CSS_J204040.0-005240 1001111085830 20:40:40.04 -00:52:40.3 15.72 0.587031 0.23 119 1 310.166833333 0.877861111111
CSS_J204124.4-014042 1001111050695 20:41:24.49 -01:40:42.8 15.19 0.307485 0.34 119 5 310.352041667 -0.321444444444
CSS_J204146.8-001723 1001111111447 20:41:46.80 -00:17:23.3 14.88 0.4672349 0.31 119 1 310.445 0.289805555556
CSS_J204207.8-012821 1001111059667 20:42:07.86 -01:28:21.8 16.48 0.28575 0.53 119 1 310.53275 -0.527277777778
CSS_J204225.5-001236 1001111115789 20:42:25.52 -00:12:36.5 15.21 0.275822 0.59 119 1 310.606333333 0.210138888889
CSS_J204227.4-002849 1001111102941 20:42:27.47 -00:28:49.0 16.16 0.82338 0.3 119 1 310.614458333 0.480277777778
CSS_J204237.7-001749 1001111110852 20:42:37.75 -00:17:49.6 17.79 0.275404 0.75 120 1 310.657291667 0.297111111111
CSS_J204241.1-011839 1001111066741 20:42:41.14 -01:18:39.7 17.34 0.276682 0.29 119 1 310.671416667 -0.688972222222
CSS_J204258.0+011016 1101111050273 20:42:58.00 +01:10:16.2 15.79 0.569478 0.82 47 4 310.741666667 1.17116666667
CSS_J204308.2-001154 1001111115929 20:43:08.29 -00:11:54.2 17.16 0.234422 0.62 119 1 310.784541667 0.198388888889
CSS_J204308.9-011532 1001111069302 20:43:08.94 -01:15:32.8 15.11 0.429459 0.41 119 1 310.78725 -0.740888888889
CSS_J204344.4-024546 1001111003907 20:43:44.47 -02:45:46.3 13.98 0.302336 0.63 116 1 310.935291667 -1.23713888889
CSS_J204430.4-003916 1001111094925 20:44:30.48 -00:39:16.4 19.08 0.3563484 0.58 113 5 311.127 0.654555555556
CSS_J204438.0-013327 1001111056093 20:44:38.07 -01:33:27.2 15.36 0.419564 0.2 119 1 311.158625 -0.442444444444
CSS_J204445.1-015731 1001111037941 20:44:45.16 -01:57:31.0 16.85 0.368678 0.33 119 1 311.188166667 -0.0413888888889
CSS_J204527.8-024929 1004111117216 20:45:27.80 -02:49:29.0 17.7 0.388344 0.76 96 1 311.365833333 -1.17527777778
CSS_J204548.3-010144 1001111079148 20:45:48.35 -01:01:44.5 16.11 0.6429872 0.45 119 4 311.451458333 -0.970972222222
CSS_J204554.1-004852 1001111089483 20:45:54.11 -00:48:52.2 14.96 0.330436 0.34 91 1 311.475458333 0.8145
CSS_J204559.2-010004 1001111080091 20:45:59.26 -01:00:04.9 18.96 0.57724 1.15 118 4 311.496916667 -0.998638888889
CSS_J204601.1-014117 1001111049977 20:46:01.19 -01:41:17.4 16.78 0.294354 0.92 119 1 311.504958333 -0.311833333333
CSS_J204618.5-011107 1001111072539 20:46:18.57 -01:11:07.6 14.99 0.483616 0.15 119 5 311.577375 -0.814555555556
CSS_J204621.8-013306 1001111055910 20:46:21.83 -01:33:06.8 17.49 0.33194 0.42 119 5 311.590958333 -0.448111111111
CSS_J204637.5-005849 1001111081332 20:46:37.57 -00:58:49.8 14.9 20.3969 0.29 116 10 311.656541667 0.9805
CSS_J204643.6-014627 1001111046783 20:46:43.67 -01:46:27.7 14.08 0.5988974 0.11 119 1 311.681958333 -0.225638888889
CSS_J204657.4-010339 1001111078106 20:46:57.41 -01:03:39.4 14.97 0.34368 0.31 119 1 311.739208333 -0.939055555556
CSS_J204714.7-014530 1001111046882 20:47:14.74 -01:45:30.3 17.27 0.3463242 0.34 119 5 311.811416667 -0.241583333333
CSS_J204721.6-011041 1001111073144 20:47:21.63 -01:10:41.0 15.6 0.235834 0.48 119 1 311.840125 -0.821944444444
CSS_J204801.9-010348 1001111077825 20:48:01.94 -01:03:48.8 14.9 0.240087 0.48 119 1 312.008083333 -0.936444444444
CSS_J204815.8-005901 1001111080834 20:48:15.85 -00:59:01.5 17.11 0.3348706 0.34 118 5 312.066041667 0.98375
CSS_J204833.3-010519 1001111076532 20:48:33.32 -01:05:19.2 17.08 0.6366883 0.77 91 4 312.138833333 -0.911333333333
CSS_J204858.1-013449 1001112049587 20:48:58.11 -01:34:49.9 16.44 0.31212 0.34 231 1 312.242125 -0.419472222222
CSS_J204909.0-014112 1001112045093 20:49:09.09 -01:41:12.0 17.73 0.329772 0.23 231 1 312.287875 -0.313333333333
CSS_J204912.1-004656 1001112081408 20:49:12.13 -00:46:56.8 17.14 0.282136 0.24 231 1 312.300541667 0.782444444444
CSS_J204919.6+002304 1101112016270 20:49:19.68 +00:23:04.5 14.24 0.3466511 0.14 174 8 312.332 0.384583333333
CSS_J204927.5-011532 1001112062375 20:49:27.58 -01:15:32.1 17.19 0.250366 0.29 225 1 312.364916667 -0.741083333333
CSS_J204929.6+010620 1101112046278 20:49:29.67 +01:06:20.3 14.92 52.9437 0.12 174 8 312.373625 1.10563888889
CSS_J204942.1-011337 1001112063656 20:49:42.12 -01:13:37.4 15.69 0.28336 0.59 231 1 312.4255 -0.772944444444
CSS_J204944.4+011212 1101112050427 20:49:44.45 +01:12:12.4 14.58 0.31099 0.35 174 1 312.435208333 1.20344444444
CSS_J205007.0-002119 1001112097965 20:50:07.07 -00:21:19.8 17.94 0.262218 0.52 231 1 312.529458333 0.3555
CSS_J205015.7-000853 1001112106330 20:50:15.76 -00:08:53.4 15.28 0.3401193 0.38 227 5 312.565666667 0.148166666667
CSS_J205020.4+003624 1101112025510 20:50:20.46 +00:36:24.5 14.61 0.639078 0.69 174 1 312.58525 0.606805555556
CSS_J205035.3-015938 1001112033021 20:50:35.34 -01:59:38.6 14.01 0.1663753 0.15 231 8 312.64725 -0.00594444444444
CSS_J205047.3-004536 1001112082491 20:50:47.36 -00:45:36.6 16.14 0.372138 0.17 231 1 312.697333333 0.760166666667
CSS_J205059.5-001229 1001112104092 20:50:59.59 -00:12:29.0 15.24 0.33131 0.39 231 5 312.748291667 0.208055555556
CSS_J205104.3+010133 1101112042786 20:51:04.37 +01:01:33.8 16.09 0.344352 0.11 174 1 312.768208333 1.02605555556
CSS_J205122.4-010555 1001112068549 20:51:22.49 -01:05:55.0 17.9 0.26317 0.55 230 1 312.843708333 -0.901388888889
CSS_J205127.6-015210 1001112037529 20:51:27.66 -01:52:10.5 17.42 0.260614 0.46 222 1 312.86525 -0.130416666667
CSS_J205143.3+001340 1101112010132 20:51:43.39 +00:13:40.6 14.24 0.408754 0.3 174 1 312.930791667 0.227944444444
CSS_J205158.9-000256 1001112109947 20:51:58.93 -00:02:56.2 17.37 0.877362 0.5 192 1 312.995541667 0.0489444444444
CSS_J205207.9+004434 1101112032000 20:52:07.92 +00:44:34.7 11.8 2.64705 0.6 174 2 313.033 0.742972222222
CSS_J205215.9-025826 1004112104321 20:52:15.92 -02:58:26.6 15.17 0.39748 0.54 278 6 313.066333333 -1.02594444444
CSS_J205218.0-025937 1004112103749 20:52:18.02 -02:59:37.9 14.25 0.319908 0.3 279 1 313.075083333 -1.00613888889
CSS_J205242.6-011124 1001112064882 20:52:42.67 -01:11:24.9 16.92 0.311237 0.34 231 5 313.177791667 -0.80975
CSS_J205249.3-010242 1001112070862 20:52:49.30 -01:02:42.4 18.1 1.4503726 0.62 230 2 313.205416667 -0.954888888889
CSS_J205249.3+002213 1101112015906 20:52:49.37 +00:22:13.0 13.67 0.289428 0.44 174 1 313.205708333 0.370277777778
CSS_J205250.1-003954 1001112086272 20:52:50.10 -00:39:54.4 16.36 0.250576 0.32 231 5 313.20875 0.665111111111
CSS_J205320.5+003449 1101112023916 20:53:20.51 +00:34:49.0 17.51 0.329714 0.54 163 1 313.335458333 0.580277777778
CSS_J205321.3-002049 1001112098353 20:53:21.32 -00:20:49.8 17.64 0.3765726 0.41 230 5 313.338833333 0.347166666667
CSS_J205321.8-004719 1001112081564 20:53:21.85 -00:47:19.3 16.77 0.35332 0.31 231 1 313.341041667 0.788694444444
CSS_J205335.8-010433 1001112070150 20:53:35.80 -01:04:33.7 14.3 0.467088 0.18 231 1 313.399166667 -0.923972222222
CSS_J205337.2-002317 1001112097078 20:53:37.29 -00:23:17.4 14.41 0.347528 0.59 231 1 313.405375 0.388166666667
CSS_J205344.2-013527 1001112048991 20:53:44.23 -01:35:27.6 16.16 0.402162 0.15 231 1 313.434291667 -0.409
CSS_J205356.6-010943 1001112066738 20:53:56.62 -01:09:43.6 14.14 1.6379 0.17 231 1 313.485916667 -0.837888888889
CSS_J205357.5-005736 1001112074611 20:53:57.58 -00:57:36.9 15.32 0.37985 0.23 231 1 313.489916667 0.96025
CSS_J205401.7-011357 1001112063309 20:54:01.72 -01:13:57.8 17.34 0.419895 0.26 231 1 313.507166667 -0.767277777778
CSS_J205409.3-015434 1001112036393 20:54:09.33 -01:54:34.7 14.68 0.318726 0.18 231 1 313.538875 -0.0903611111111
CSS_J205419.1-013320 1001112050281 20:54:19.18 -01:33:20.7 17.13 0.305733 0.37 231 5 313.579916667 -0.44425
CSS_J205432.9-015835 1001112033398 20:54:32.93 -01:58:35.0 17.36 0.519766 0.6 230 2 313.637208333 -0.0236111111111
CSS_J205433.5-002042 1001112098916 20:54:33.58 -00:20:42.0 13.65 0.343043 0.35 231 5 313.639916667 0.345
CSS_J205446.6+011238 1101112050348 20:54:46.60 +01:12:38.3 17.11 0.290143 0.48 174 1 313.694166667 1.21063888889
CSS_J205450.9+004026 1101112028050 20:54:50.90 +00:40:26.5 17.1 0.226864 0.65 174 1 313.712083333 0.674027777778
CSS_J205454.7+000340 1101112003359 20:54:54.74 +00:03:40.3 13.75 0.2615147 0.32 166 1 313.728083333 0.0611944444444
CSS_J205515.3-014524 1001112042366 20:55:15.35 -01:45:24.8 16.13 0.349684 0.15 231 1 313.813958333 -0.243111111111
CSS_J205518.2+003724 1101112025798 20:55:18.27 +00:37:24.6 16.72 0.434418 0.14 173 1 313.826125 0.6235
CSS_J205520.5-013600 1001112048425 20:55:20.59 -01:36:00.0 17.97 0.340749 0.34 231 1 313.835791667 -0.4
CSS_J205536.6-010605 1001112069030 20:55:36.65 -01:06:05.0 13.62 0.378414 0.34 231 1 313.902708333 -0.898611111111
CSS_J205546.2-000944 1001112105431 20:55:46.25 -00:09:44.3 17.21 0.656946 0.68 227 2 313.942708333 0.162305555556
CSS_J205546.8-005443 1001112076579 20:55:46.89 -00:54:43.4 15.18 0.388284 0.45 230 1 313.945375 0.912055555556
CSS_J205547.9-014736 1001112040988 20:55:47.98 -01:47:36.2 17.45 0.319782 0.39 231 1 313.949916667 -0.206611111111
CSS_J205550.6-011947 1001112060622 20:55:50.61 -01:19:47.7 15.8 0.363089 0.44 161 5 313.960875 -0.670083333333
CSS_J205555.8-005713 1001112075486 20:55:55.86 -00:57:13.1 13.34 2.30037 0.56 231 2 313.98275 0.953638888889
CSS_J205602.2+002901 1101112020064 20:56:02.26 +00:29:01.7 17.11 0.30237 0.17 173 1 314.009416667 0.483805555556
CSS_J205617.0-002247 1001112097167 20:56:17.04 -00:22:47.2 16.46 0.274958 0.6 231 1 314.071 0.379777777778
CSS_J205617.9-013913 1001112046702 20:56:17.95 -01:39:13.3 14.03 0.326568 0.37 231 5 314.074791667 -0.346305555556
CSS_J205619.8-002527 1001112095375 20:56:19.88 -00:25:27.7 17.59 0.336324 0.35 231 1 314.082833333 0.424361111111
CSS_J205624.2-004224 1001112084937 20:56:24.28 -00:42:24.0 13.26 0.609598 0.46 231 1 314.101166667 0.706666666667
CSS_J205629.5-005806 1001112074073 20:56:29.54 -00:58:06.6 17.35 0.272314 0.46 231 1 314.123083333 0.9685
CSS_J205632.1-002228 1001112097194 20:56:32.10 -00:22:28.0 17.16 0.335784 0.5 231 1 314.13375 0.374444444444
CSS_J205645.3-003456 1001112089583 20:56:45.39 -00:34:56.3 15.77 0.515809 0.6 231 1 314.189125 0.582305555556
CSS_J205650.8-005633 1001112074940 20:56:50.82 -00:56:33.0 18.91 0.27426 0.69 215 1 314.21175 0.9425
CSS_J205705.0-012156 1001112057906 20:57:05.09 -01:21:56.7 16.83 0.265342 0.17 231 1 314.271208333 -0.63425
CSS_J205728.9-013803 1001112047514 20:57:28.94 -01:38:03.8 14.96 0.3209818 0.38 231 5 314.370583333 -0.365611111111
CSS_J205732.3+004358 1101112030824 20:57:32.37 +00:43:58.0 14.7 0.26424 0.52 173 1 314.384875 0.732777777778
CSS_J205732.8+001153 1101112008310 20:57:32.86 +00:11:53.2 19.1 0.627813 0.54 160 4 314.386916667 0.198111111111
CSS_J205733.3-000519 1001112109123 20:57:33.36 -00:05:19.0 14.53 0.306906 0.11 224 1 314.389 0.0886111111111
CSS_J205735.0+000859 1101112006738 20:57:35.08 +00:08:59.1 15.94 0.542382 0.16 174 1 314.396166667 0.14975
CSS_J205743.8-004449 1001112082887 20:57:43.80 -00:44:49.6 16.95 0.3132640 0.39 231 5 314.4325 0.747111111111
CSS_J205757.1-015014 1001112038954 20:57:57.15 -01:50:14.5 16.54 21.185537 0.28 231 8 314.488125 -0.162638888889
CSS_J205758.7+004706 1101112032696 20:57:58.74 +00:47:06.1 15.84 0.709912 0.5 174 1 314.49475 0.785027777778
CSS_J205759.2-014958 1001112039133 20:57:59.26 -01:49:58.3 17.03 1.23742 0.56 231 2 314.496916667 -0.167138888889
CSS_J205812.0+001815 1101112012829 20:58:12.07 +00:18:15.8 17.38 0.304708 0.44 173 1 314.550291667 0.304388888889
CSS_J205837.9+000843 1101112006435 20:58:37.91 +00:08:43.4 16.05 0.4122327 0.29 174 1 314.657958333 0.145388888889
CSS_J205839.3+004346 1101112030343 20:58:39.33 +00:43:46.6 17.16 0.270238 0.34 174 1 314.663875 0.729611111111
CSS_J205846.9+003304 1101112022749 20:58:46.90 +00:33:04.2 17.45 0.23888 0.3 174 1 314.695416667 0.551166666667
CSS_J205847.8-014342 1001112043852 20:58:47.82 -01:43:42.4 13.68 0.477748 0.25 231 1 314.69925 -0.271555555556
CSS_J205852.2-005535 1001112075676 20:58:52.25 -00:55:35.5 17.89 0.3295110 0.45 231 5 314.717708333 0.926527777778
CSS_J205907.7-004308 1001112084192 20:59:07.71 -00:43:08.0 14.76 0.5265760 0.52 231 2 314.782125 0.718888888889
CSS_J205914.4+004608 1101112032098 20:59:14.48 +00:46:08.7 16.49 0.619882 0.17 174 1 314.810333333 0.769083333333
CSS_J205917.6-003712 1001112087638 20:59:17.68 -00:37:12.0 18.72 0.306746 0.33 226 1 314.823666667 0.62
CSS_J205940.4-013245 1001112050792 20:59:40.47 -01:32:45.4 16.24 0.350327 0.41 220 5 314.918625 -0.454055555556
CSS_J205955.1-004243 1001112084380 20:59:55.17 -00:42:43.8 15.52 0.310283 0.39 126 5 314.979875 0.712166666667
CSS_J210010.7-000331 1001113101653 21:00:10.75 -00:03:31.6 13.61 0.418898 0.31 263 1 315.044791667 0.0587777777778
CSS_J210021.8+004459 1101113027817 21:00:21.84 +00:44:59.1 17.7 0.2568714 0.6 203 5 315.091 0.74975
CSS_J210028.5+001106 1101113007431 21:00:28.52 +00:11:06.2 15.32 0.448344 0.14 300 1 315.118833333 0.185055555556
CSS_J210038.2+011411 1101113046561 21:00:38.20 +01:14:11.2 15.87 0.32625 0.29 301 1 315.159166667 1.23644444444
CSS_J210050.9+002417 1101113015215 21:00:50.98 +00:24:17.1 17.22 0.3521069 0.38 302 6 315.212416667 0.40475
CSS_J210059.7-013113 1001113047786 21:00:59.78 -01:31:13.7 16.34 0.277404 0.18 218 1 315.249083333 -0.479527777778
CSS_J210106.0+003331 1101113020984 21:01:06.00 +00:33:31.0 15.56 0.3665658 0.48 303 5 315.275 0.558611111111
CSS_J210120.7+004126 1101113025696 21:01:20.78 +00:41:26.2 16.37 0.304028 0.15 304 1 315.336583333 0.690611111111
CSS_J210124.3-012219 1001113053277 21:01:24.39 -01:22:19.4 16.78 0.282161 0.18 308 1 315.351625 -0.627944444444
CSS_J210150.8+000923 1101113006565 21:01:50.83 +00:09:23.2 14.49 0.329615 0.48 304 5 315.461791667 0.156444444444
CSS_J210157.5+003329 1101113021314 21:01:57.56 +00:33:29.0 13.72 266.54589 2.17 304 13 315.489833333 0.558055555556
CSS_J210212.1+010938 1101113043349 21:02:12.17 +01:09:38.8 17.24 4.02232 0.35 304 2 315.550708333 1.16077777778
CSS_J210225.6-005218 1001113071802 21:02:25.68 -00:52:18.3 14.69 0.413459 0.14 308 1 315.607 0.87175
CSS_J210228.0-025157 1004113097593 21:02:28.08 -02:51:57.3 16.22 0.326332 0.2 240 1 315.617 -1.13408333333
CSS_J210230.7+000846 1101113006139 21:02:30.73 +00:08:46.7 14.15 0.347634 0.34 304 1 315.628041667 0.146305555556
CSS_J210304.5-005641 1001113069996 21:03:04.57 -00:56:41.9 18.85 0.302704 0.37 287 1 315.769041667 0.944972222222
CSS_J210309.2-011210 1001113059584 21:03:09.24 -01:12:10.3 16.59 0.3611232 0.37 308 5 315.7885 -0.797138888889
CSS_J210319.4-000955 1001113097050 21:03:19.45 -00:09:55.0 13.48 0.643922 0.32 309 1 315.831041667 0.165277777778
CSS_J210327.1-003915 1001113079692 21:03:27.19 -00:39:15.7 15.72 0.305532 0.27 308 1 315.863291667 0.654361111111
CSS_J210340.9+010639 1101113041395 21:03:40.95 +01:06:39.9 19.2 0.5894728 0.69 286 4 315.920625 1.11108333333
CSS_J210351.9-005926 1001113067127 21:03:51.98 -00:59:26.0 17.1 0.326626 0.18 305 1 315.966583333 0.990555555556
CSS_J210352.2-013622 1001113044710 21:03:52.24 -01:36:22.5 17.06 0.27778 0.65 308 1 315.967666667 -0.39375
CSS_J210404.7+011225 1101113045780 21:04:04.78 +01:12:25.2 13.17 0.390518 0.14 304 1 316.019916667 1.207
CSS_J210434.7-015633 1001113032274 21:04:34.75 -01:56:33.6 15.72 0.339656 0.19 308 1 316.144791667 -0.0573333333333
CSS_J210452.8-010646 1001113062952 21:04:52.81 -01:06:46.9 14.01 0.428335 0.17 308 1 316.220041667 -0.886972222222
CSS_J210501.7-003426 1001113082485 21:05:01.76 -00:34:26.2 17.11 0.292922 0.47 307 1 316.257333333 0.573944444444
CSS_J210504.2-014037 1001113042107 21:05:04.21 -01:40:37.8 17.5 0.2339 0.66 308 1 316.267541667 -0.322833333333
CSS_J210516.4-015709 1001113031911 21:05:16.43 -01:57:09.0 16.91 0.350679 0.36 308 5 316.318458333 -0.0475
CSS_J210527.2-012355 1001113052582 21:05:27.27 -01:23:55.0 13.99 0.546774 0.27 309 1 316.363625 -0.601388888889
CSS_J210532.8-024414 1001113003872 21:05:32.88 -02:44:14.1 13.29 0.341376 0.4 307 1 316.387 -1.26275
CSS_J210554.8+001532 1101113009790 21:05:54.80 +00:15:32.0 17.23 0.335157 0.36 303 5 316.478333333 0.258888888889
CSS_J210558.0-002420 1001113087959 21:05:58.05 -00:24:20.7 18.73 0.51087 0.52 300 2 316.491875 0.40575
CSS_J210610.4+003022 1101113018794 21:06:10.44 +00:30:22.6 18.0 0.306772 0.48 303 1 316.5435 0.506277777778
CSS_J210616.4-003934 1001113079186 21:06:16.43 -00:39:34.8 15.55 0.223704 0.25 306 1 316.568458333 0.659666666667
CSS_J210618.1-005318 1001113070963 21:06:18.16 -00:53:18.2 15.15 0.278594 0.09 309 1 316.575666667 0.888388888889
CSS_J210622.7-001812 1001113091970 21:06:22.74 -00:18:12.0 15.63 0.306876 0.19 308 1 316.59475 0.303333333333
CSS_J210642.0-015418 1001113033542 21:06:42.08 -01:54:18.4 16.91 0.262135 0.41 309 1 316.675333333 -0.0948888888889
CSS_J210656.5+000733 1101113005116 21:06:56.53 +00:07:33.8 16.36 0.284472 0.15 304 1 316.735541667 0.126055555556
CSS_J210715.7-003545 1001113098092 21:07:15.77 -00:35:45.2 14.82 0.274704 0.42 307 1 316.815708333 0.595888888889
CSS_J210720.4-000413 1001113100806 21:07:20.48 -00:04:13.0 14.58 0.3880457 0.35 278 5 316.835333333 0.0702777777778
CSS_J210726.0+011017 1101113044226 21:07:26.06 +01:10:17.8 13.61 0.3549790 0.45 304 6 316.858583333 1.17161111111
CSS_J210726.5-001622 1001113092686 21:07:26.52 -00:16:22.6 18.07 0.255686 0.3 304 1 316.8605 0.272944444444
CSS_J210726.7-003230 1001113083300 21:07:26.79 -00:32:30.8 16.94 0.25409 0.28 307 1 316.861625 0.541888888889
CSS_J210742.9+004049 1101113025403 21:07:42.94 +00:40:49.0 15.78 0.392274 0.17 304 1 316.928916667 0.680277777778
CSS_J210747.8-004211 1001113078015 21:07:47.85 -00:42:11.0 13.51 0.375566 0.46 306 1 316.949375 0.703055555556
CSS_J210750.9-000012 1001113100584 21:07:50.96 -00:00:12.8 15.79 0.489016 0.61 144 2 316.962333333 0.00355555555556
CSS_J210818.4-014107 1001113041886 21:08:18.45 -01:41:07.7 14.47 0.275536 0.36 309 5 317.076875 -0.314527777778
CSS_J210818.6-001815 1001113091808 21:08:18.68 -00:18:15.3 16.78 0.65711 0.16 306 1 317.077833333 0.30425
CSS_J210822.4+003947 1101113024781 21:08:22.43 +00:39:47.8 14.71 0.284063 0.12 304 1 317.093458333 0.663277777778
CSS_J210837.4-005438 1001113070033 21:08:37.41 -00:54:38.4 15.8 0.339276 0.11 308 1 317.155875 0.910666666667
CSS_J210850.1+010117 1101113038229 21:08:50.16 +01:01:17.5 15.43 0.281114 0.27 304 1 317.209 1.02152777778
CSS_J210938.3+002019 1101113012892 21:09:38.36 +00:20:19.5 16.08 0.290045 0.19 304 1 317.409833333 0.33875
CSS_J211002.7-024714 1001113002045 21:10:02.74 -02:47:14.8 15.02 0.274162 0.33 285 5 317.511416667 -1.21255555556
CSS_J211010.2+010923 1101113043550 21:10:10.24 +01:09:23.9 14.12 0.381496 0.18 304 1 317.542666667 1.15663888889
CSS_J211022.7-011218 1001113059068 21:10:22.79 -01:12:18.4 18.06 0.294456 0.33 307 1 317.594958333 -0.794888888889
CSS_J211028.4+000200 1101113001590 21:10:28.43 +00:02:00.6 18.77 0.224416 0.73 258 1 317.618458333 0.0335
CSS_J211032.1+003517 1101113022111 21:10:32.12 +00:35:17.2 14.27 0.538992 0.19 304 1 317.633833333 0.588111111111
CSS_J211032.5+005504 1101113034436 21:10:32.50 +00:55:04.9 16.33 0.2806266 0.43 301 5 317.635416667 0.918027777778
CSS_J211033.9-014824 1001113037590 21:10:33.91 -01:48:24.7 14.54 0.381132 0.3 307 1 317.641291667 -0.193138888889
CSS_J211124.9+003522 1101114020420 21:11:24.90 +00:35:22.7 15.72 0.457494 0.17 301 1 317.85375 0.589638888889
CSS_J211136.1+011042 1101114040550 21:11:36.17 +01:10:42.4 16.19 0.27109 0.41 302 1 317.900708333 1.17844444444
CSS_J211144.9+011016 1101114040367 21:11:44.92 +01:10:16.3 16.04 0.3603289 0.38 302 5 317.937166667 1.17119444444
CSS_J211149.0-011202 1001114054481 21:11:49.03 -01:12:02.8 18.73 0.251646 0.53 303 1 317.954291667 -0.799222222222
CSS_J211203.7+002648 1101114015313 21:12:03.79 +00:26:48.5 18.49 0.260658 0.62 301 1 318.015791667 0.446805555556
CSS_J211220.5-001156 1001114088498 21:12:20.51 -00:11:56.4 14.19 0.43138 0.41 310 1 318.085458333 0.199
CSS_J211227.3-013322 1001114042635 21:12:27.34 -01:33:22.2 15.66 0.34683 0.48 312 1 318.113916667 -0.443833333333
CSS_J211232.4-015506 1001114030391 21:12:32.43 -01:55:06.8 16.62 0.345494 0.67 311 1 318.135125 -0.0814444444444
CSS_J211310.3-013742 1001114040066 21:13:10.31 -01:37:42.9 16.94 0.326195 0.28 312 1 318.292958333 -0.371416666667
CSS_J211314.4+000946 1101114005889 21:13:14.46 +00:09:46.0 15.32 0.956706 0.38 306 2 318.31025 0.162777777778
CSS_J211328.1+000332 1101114002446 21:13:28.11 +00:03:32.5 17.87 0.26149 0.44 299 1 318.367125 0.0590277777778
CSS_J211406.0+001912 1101114011855 21:14:06.01 +00:19:12.3 12.32 15.2728 0.66 306 10 318.525041667 0.320083333333
CSS_J211408.7-005348 1001114064710 21:14:08.70 -00:53:48.5 17.39 0.5113792 0.49 311 2 318.53625 0.896805555556
CSS_J211427.0-003411 1001114075903 21:14:27.02 -00:34:11.6 16.98 0.3171845 0.32 312 6 318.612583333 0.569888888889
CSS_J211433.0-000337 1001114091898 21:14:33.04 -00:03:37.0 15.67 0.320286 0.59 261 1 318.637666667 0.0602777777778
CSS_J211502.1-005053 1001114066358 21:15:02.14 -00:50:53.2 17.48 0.402579 0.3 312 1 318.758916667 0.848111111111
CSS_J211509.3+003042 1101114017429 21:15:09.39 +00:30:42.3 17.81 0.51211 0.33 306 4 318.789125 0.51175
CSS_J211549.9+001928 1101114011418 21:15:49.95 +00:19:28.8 18.27 0.277776 0.45 300 5 318.958125 0.324666666667
CSS_J211639.4+010627 1101114038052 21:16:39.46 +01:06:27.5 17.08 0.280468 0.54 306 1 319.164416667 1.10763888889
CSS_J211643.6+005102 1101114029140 21:16:43.69 +00:51:02.9 17.32 0.294472 0.54 307 1 319.182041667 0.850805555556
CSS_J211646.8+011315 1101114041887 21:16:46.89 +01:13:15.6 17.5 0.2982811 0.28 305 5 319.195375 1.221
CSS_J211655.7+010517 1101114037585 21:16:55.74 +01:05:17.9 16.55 0.5640459 0.3 306 2 319.23225 1.08830555556
CSS_J211700.5+000833 1101114005399 21:17:00.55 +00:08:33.7 16.58 0.6109748 0.37 306 2 319.252291667 0.142694444444
CSS_J211704.3-025851 1004114084358 21:17:04.34 -02:58:51.4 16.94 0.236508 0.38 311 1 319.268083333 -1.01905555556
CSS_J211705.4-005955 1001114061528 21:17:05.43 -00:59:55.5 14.94 0.701809 0.28 312 1 319.272625 0.99875
CSS_J211729.8+004737 1101114027255 21:17:29.80 +00:47:37.3 16.05 0.30598 0.45 306 1 319.374166667 0.793694444444
CSS_J211749.7-015716 1001114029262 21:17:49.71 -01:57:16.5 14.4 0.632474 0.13 312 3 319.457125 -0.0454166666667
CSS_J211756.9+010421 1101114037999 21:17:56.93 +01:04:21.7 12.22 136.27348 1.59 306 13 319.487208333 1.07269444444
CSS_J211802.6-013317 1001114042800 21:18:02.65 -01:33:17.5 14.27 0.504696 0.55 312 1 319.511041667 -0.445138888889
CSS_J211821.9-015718 1001114029103 21:18:21.93 -01:57:18.8 16.74 0.2702392 0.36 312 5 319.591375 -0.0447777777778
CSS_J211828.5+002642 1101114015545 21:18:28.54 +00:26:42.6 15.07 1.6125053 0.72 306 2 319.618916667 0.445166666667
CSS_J211840.5+002622 1101114015168 21:18:40.50 +00:26:22.3 16.21 0.26505 0.41 306 1 319.66875 0.439527777778
CSS_J211841.3-002626 1001114080526 21:18:41.35 -00:26:26.0 14.5 2.29073 0.25 312 8 319.672291667 0.440555555556
CSS_J211846.4-003215 1001114076927 21:18:46.41 -00:32:15.0 17.58 0.249515 0.16 312 2 319.693375 0.5375
CSS_J211846.4-024909 1001114000720 21:18:46.46 -02:49:09.8 16.47 1.6773710 1.13 224 2 319.693583333 -1.18061111111
CSS_J211858.4+010023 1101114034877 21:18:58.47 +01:00:23.3 14.86 0.246458 0.1 306 1 319.743625 1.00647222222
CSS_J211951.5+003252 1101114019067 21:19:51.52 +00:32:52.5 14.4 0.574984 0.31 305 1 319.964666667 0.547916666667
CSS_J212007.6+003345 1101114019425 21:20:07.68 +00:33:45.0 14.87 1.0781554 0.09 305 1 320.032 0.5625
CSS_J212019.8-014101 1001114038448 21:20:19.83 -01:41:01.6 14.59 0.36245 0.23 312 1 320.082625 -0.316222222222
CSS_J212039.8-003924 1001114073129 21:20:39.84 -00:39:24.3 15.96 0.297228 0.55 312 1 320.166 0.65675
CSS_J212046.8+001237 1101114007398 21:20:46.81 +00:12:37.1 16.4 1.27282 0.51 306 8 320.195041667 0.210305555556
CSS_J212058.1+005152 1101114029632 21:20:58.16 +00:51:52.3 16.58 0.4850408 0.15 306 8 320.242333333 0.864527777778
CSS_J212114.9+002422 1101114014337 21:21:14.93 +00:24:22.0 13.5 0.8270299 0.31 306 1 320.312208333 0.406111111111
CSS_J212124.3+004718 1101114027019 21:21:24.34 +00:47:18.2 17.39 0.2903656 0.44 305 5 320.351416667 0.788388888889
CSS_J212139.5+005609 1101114032103 21:21:39.51 +00:56:09.5 17.67 0.318615 0.2 305 1 320.414625 0.935972222222
CSS_J212214.5-003809 1001114073824 21:22:14.54 -00:38:09.7 15.39 0.287564 0.22 277 1 320.560583333 0.636027777778
CSS_J212233.4-010502 1001115053295 21:22:33.49 -01:05:02.3 17.06 0.74295 0.31 294 1 320.639541667 -0.916027777778
CSS_J212240.4-004928 1001115061713 21:22:40.41 -00:49:28.0 17.31 0.32714 0.38 298 1 320.668375 0.824444444444
CSS_J212259.3+010759 1101115038022 21:22:59.35 +01:07:59.8 13.34 0.409026 0.47 311 1 320.747291667 1.13327777778
CSS_J212328.7-013557 1001115037233 21:23:28.78 -01:35:57.9 15.33 0.242642 0.37 299 1 320.869916667 -0.400583333333
CSS_J212337.0+011510 1101115041720 21:23:37.00 +01:15:10.9 14.94 0.269921 0.3 314 1 320.904166667 1.25302777778
CSS_J212351.2+010711 1101115037158 21:23:51.22 +01:07:11.3 16.34 0.321712 0.69 314 3 320.963416667 1.11980555556
CSS_J212356.1+003055 1101115017705 21:23:56.14 +00:30:55.1 14.29 0.949471 0.76 314 2 320.983916667 0.515305555556
CSS_J212418.8-014959 1001115029949 21:24:18.82 -01:49:59.5 15.81 0.334328 0.18 255 1 321.078416667 -0.166805555556
CSS_J212427.2+005227 1101115029078 21:24:27.22 +00:52:27.9 15.6 0.3245151 0.42 314 6 321.113416667 0.874416666667
CSS_J212446.3+005032 1101115028051 21:24:46.36 +00:50:32.1 16.62 0.53164 0.2 315 1 321.193166667 0.84225
CSS_J212452.2-012111 1001115045180 21:24:52.29 -01:21:11.9 13.96 0.313942 0.41 299 5 321.217875 -0.646694444444
CSS_J212531.9-010745 1001115051743 21:25:31.91 -01:07:45.8 17.58 0.2898170 0.67 297 16 321.382958333 -0.870611111111
CSS_J212544.5-013236 1001115039053 21:25:44.52 -01:32:36.2 14.88 0.315948 0.27 299 1 321.4355 -0.456611111111
CSS_J212550.3+011503 1101115041439 21:25:50.38 +01:15:03.9 16.07 0.372942 0.19 314 1 321.459916667 1.25108333333
CSS_J212551.1-012345 1001115043510 21:25:51.17 -01:23:45.2 17.57 0.283559 0.41 298 1 321.463208333 -0.604111111111
CSS_J212606.2+002242 1101115013707 21:26:06.25 +00:22:42.7 12.21 0.4129856 0.62 314 1 321.526041667 0.378527777778
CSS_J212609.1+011147 1101115039414 21:26:09.14 +01:11:47.9 19.1 0.233594 0.54 292 1 321.538083333 1.19663888889
CSS_J212613.8+003612 1101115020195 21:26:13.81 +00:36:12.1 16.68 0.22378 0.39 314 1 321.557541667 0.603361111111
CSS_J212630.7-010317 1001115054337 21:26:30.72 -01:03:17.6 15.55 0.626876 0.32 299 1 321.628 -0.945111111111
CSS_J212633.9+001947 1101115011339 21:26:33.91 +00:19:47.6 14.94 0.278082 0.5 314 1 321.641291667 0.329888888889
CSS_J212651.4+000521 1101115003507 21:26:51.44 +00:05:21.0 17.82 0.2753547 0.25 311 5 321.714333333 0.0891666666667
CSS_J212719.5-005809 1001115056973 21:27:19.54 -00:58:09.0 16.85 0.366478 0.31 298 1 321.831416667 0.969166666667
CSS_J212730.1-001627 1001115079650 21:27:30.19 -00:16:27.9 17.08 1.0390420 0.45 298 2 321.875791667 0.274416666667
CSS_J212754.5+001338 1101115007805 21:27:54.50 +00:13:38.2 16.06 0.298367 0.19 314 1 321.977083333 0.227277777778
CSS_J212757.4+004912 1101115027545 21:27:57.41 +00:49:12.4 13.41 0.387252 0.32 314 1 321.989208333 0.820111111111
CSS_J212818.7+002747 1101115015318 21:28:18.74 +00:27:47.4 18.05 0.291954 0.24 310 1 322.078083333 0.463166666667
CSS_J212820.1-001331 1001115080907 21:28:20.15 -00:13:31.8 16.99 0.3374 0.58 224 1 322.083958333 0.2255
CSS_J212833.0+002316 1101115013369 21:28:33.03 +00:23:16.1 15.18 0.282782 0.55 314 1 322.137625 0.387805555556
CSS_J212841.4+002804 1101115015579 21:28:41.48 +00:28:04.3 16.93 3.1743094 0.18 314 8 322.172833333 0.467861111111
CSS_J212848.1+005725 1101115031596 21:28:48.12 +00:57:25.7 18.52 0.545435 0.68 306 4 322.2005 0.957138888889
CSS_J212903.8-010624 1001115052656 21:29:03.81 -01:06:24.9 15.26 0.300189 0.23 299 1 322.265875 -0.893083333333
CSS_J212923.2+000225 1101115001807 21:29:23.29 +00:02:25.9 17.05 0.369503 0.18 295 1 322.347041667 0.0405277777778
CSS_J212923.4+005652 1101115031633 21:29:23.44 +00:56:52.8 14.59 0.947872 0.61 314 2 322.347666667 0.948
CSS_J212933.6-004329 1001115065608 21:29:33.64 -00:43:29.7 14.66 0.39766 0.41 299 5 322.390166667 0.724916666667
CSS_J212952.6-011018 1001115050640 21:29:52.68 -01:10:18.4 14.51 0.080586 0.31 299 11 322.4695 -0.828222222222
CSS_J212954.0-002229 1001115076693 21:29:54.06 -00:22:29.3 16.43 0.310908 0.21 299 1 322.47525 0.374805555556
CSS_J213020.9+010016 1101115033488 21:30:20.96 +01:00:16.4 16.21 0.3017618 0.39 314 5 322.587333333 1.00455555556
CSS_J213032.7+000405 1101115003108 21:30:32.74 +00:04:05.4 13.86 3.1356022 0.81 307 2 322.636416667 0.0681666666667
CSS_J213037.5-012123 1001115044853 21:30:37.54 -01:21:23.0 15.86 0.264876 0.58 299 1 322.656416667 -0.643611111111
CSS_J213100.3-013933 1001115035707 21:31:00.39 -01:39:33.4 14.38 0.764084 0.55 299 2 322.751625 -0.340722222222
CSS_J213113.4+005915 1101115032858 21:31:13.47 +00:59:15.3 16.25 0.3942466 0.43 314 5 322.806125 0.987583333333
CSS_J213123.2-013847 1001115035610 21:31:23.26 -01:38:47.3 17.75 0.47947 0.41 295 2 322.846916667 -0.353527777778
CSS_J213133.2+010121 1101115034096 21:31:33.23 +01:01:21.2 13.86 0.253398 0.49 314 1 322.888458333 1.02255555556
CSS_J213140.8+010006 1101115033160 21:31:40.89 +01:00:06.1 18.22 0.260552 0.42 309 1 322.920375 1.00169444444
CSS_J213216.1-010249 1001115054775 21:32:16.17 -01:02:49.4 14.63 0.5456927 0.35 299 2 323.067375 -0.952944444444
CSS_J213217.0-004923 1001115061798 21:32:17.09 -00:49:23.3 16.73 0.317901 0.29 299 1 323.071208333 0.823138888889
CSS_J213252.2+005608 1101115031032 21:32:52.26 +00:56:08.7 16.47 0.3058755 0.46 314 5 323.21775 0.93575
CSS_J213254.0-013747 1001115036397 21:32:54.09 -01:37:47.2 14.63 0.270057 0.26 299 1 323.225375 -0.370222222222
CSS_J213306.0-014903 1001115030473 21:33:06.06 -01:49:03.1 14.84 0.447134 0.23 296 1 323.27525 -0.182472222222
CSS_J213313.9-010105 1001115055427 21:33:13.97 -01:01:05.3 15.83 0.3619916 0.33 295 5 323.308208333 -0.981861111111
CSS_J213316.5-002956 1001115073143 21:33:16.51 -00:29:56.4 12.92 0.3166492 0.31 295 5 323.318791667 0.499
CSS_J213327.4+010100 1101115033928 21:33:27.47 +01:01:00.5 16.22 0.293979 0.4 306 1 323.364458333 1.01680555556
CSS_J213328.7+011230 1101115040079 21:33:28.73 +01:12:30.4 15.49 0.3360326 0.42 301 5 323.369708333 1.20844444444
CSS_J213343.3+011317 1101116035971 21:33:43.35 +01:13:17.2 17.22 0.23413 0.6 275 1 323.430625 1.22144444444
CSS_J213352.9-003629 1001116065106 21:33:52.96 -00:36:29.4 19.1 0.247474 0.76 220 1 323.470666667 0.608166666667
CSS_J213353.0-004758 1001116059735 21:33:53.08 -00:47:58.4 15.87 0.2863134 0.26 279 6 323.471166667 0.799555555556
CSS_J213415.9-012743 1001116040294 21:34:15.90 -01:27:43.5 14.18 0.39512 0.36 279 1 323.56625 -0.537916666667
CSS_J213437.4-003940 1001116063863 21:34:37.44 -00:39:40.0 15.41 0.542918 0.49 279 1 323.656 0.661111111111
CSS_J213444.6+005617 1101116067268 21:34:44.65 +00:56:17.0 14.77 0.24012 0.23 298 1 323.686041667 0.938055555556
CSS_J213446.6+003303 1101116016727 21:34:46.69 +00:33:03.2 13.34 0.549444 0.39 299 1 323.694541667 0.550888888889
CSS_J213449.2-012131 1001116043022 21:34:49.21 -01:21:31.3 17.4 0.259494 0.63 276 1 323.705041667 -0.641305555556
CSS_J213502.6+002115 1101116010837 21:35:02.61 +00:21:15.9 13.95 0.31526 0.17 299 1 323.760875 0.354416666667
CSS_J213511.9+003721 1101116018411 21:35:11.96 +00:37:21.2 16.3 0.0872576 0.37 298 11 323.799833333 0.622555555556
CSS_J213518.7+000704 1101116003945 21:35:18.75 +00:07:04.5 14.77 0.362524 0.26 299 1 323.828125 0.117916666667
CSS_J213541.7+004340 1101116021759 21:35:41.77 +00:43:40.0 14.11 0.313545 0.22 299 1 323.924041667 0.727777777778
CSS_J213607.1-013841 1001116034836 21:36:07.15 -01:38:41.4 15.01 0.096607 0.2 279 11 324.029791667 -0.355166666667
CSS_J213623.2-002408 1001116071298 21:36:23.23 -00:24:08.5 15.81 0.3976777 0.36 279 5 324.096791667 0.402361111111
CSS_J213629.8-003113 1001116067944 21:36:29.86 -00:31:13.3 14.55 0.301374 0.57 279 1 324.124416667 0.520361111111
CSS_J213719.6-025933 1004116073917 21:37:19.68 -02:59:33.0 15.3 0.639076 0.68 284 2 324.332 -1.0075
CSS_J213722.3-025758 1004116077180 21:37:22.32 -02:57:58.1 16.83 0.344278 0.51 286 1 324.343 -1.03386111111
CSS_J213817.4-002456 1001116070726 21:38:17.41 -00:24:56.9 17.4 0.240016 0.31 277 1 324.572541667 0.415805555556
CSS_J213837.7+002429 1101116012132 21:38:37.76 +00:24:29.8 16.07 0.357031 0.28 299 1 324.657333333 0.408277777778
CSS_J213845.2+002332 1101116011622 21:38:45.25 +00:23:32.7 18.06 0.3879281 0.36 287 5 324.688541667 0.392416666667
CSS_J213851.6+000012 1101116000576 21:38:51.64 +00:00:12.8 17.05 0.296572 0.76 213 1 324.715166667 0.00355555555556
CSS_J213906.8-004838 1001116059370 21:39:06.89 -00:48:38.7 15.06 0.321106 0.29 278 1 324.778708333 0.81075
CSS_J213925.0+002822 1101116013978 21:39:25.08 +00:28:22.6 16.31 0.382014 0.13 299 1 324.8545 0.472944444444
CSS_J214001.5-002512 1001116070818 21:40:01.51 -00:25:12.4 15.11 1.2681 0.75 278 2 325.006291667 0.420111111111
CSS_J214022.9+011505 1101116036809 21:40:22.96 +01:15:05.4 16.71 1.40531 0.46 299 2 325.095666667 1.2515
CSS_J214032.0+010347 1101116031403 21:40:32.07 +01:03:47.9 15.09 0.247502 0.27 299 1 325.133625 1.06330555556
CSS_J214033.1-002405 1001116071373 21:40:33.13 -00:24:05.0 15.61 0.255302 0.25 279 1 325.138041667 0.401388888889
CSS_J214100.6+010939 1101116034681 21:41:00.68 +01:09:39.7 12.76 0.7619889 0.31 299 1 325.252833333 1.16102777778
CSS_J214129.6+004459 1101116022078 21:41:29.66 +00:44:59.9 15.73 0.257904 0.23 299 1 325.373583333 0.749972222222
CSS_J214149.6+011056 1101116034816 21:41:49.62 +01:10:56.0 16.9 0.286606 0.34 299 1 325.45675 1.18222222222
CSS_J214226.5-001315 1001116076245 21:42:26.58 -00:13:15.4 17.19 0.348286 0.15 277 1 325.61075 0.220944444444
CSS_J214230.3-002228 1001116071888 21:42:30.37 -00:22:28.0 17.62 0.247446 0.53 276 1 325.626541667 0.374444444444
CSS_J214354.1-001341 1001116076392 21:43:54.13 -00:13:41.5 13.75 0.306779 0.55 279 1 325.975541667 0.228194444444
CSS_J214559.5+005714 1101117025224 21:45:59.50 +00:57:14.0 16.5 0.394914 0.28 283 2 326.497916667 0.953888888889
CSS_J214602.6+002517 1101117011360 21:46:02.63 +00:25:17.0 14.51 0.825338 0.61 283 1 326.510958333 0.421388888889
CSS_J214605.7+010848 1101117030452 21:46:05.74 +01:08:48.7 15.6 0.24355 0.61 282 1 326.523916667 1.14686111111
CSS_J214609.7-011320 1001117041841 21:46:09.77 -01:13:20.6 15.96 0.334433 0.12 263 1 326.540708333 -0.777611111111
CSS_J214610.0-010647 1001117045549 21:46:10.01 -01:06:47.9 12.62 0.285142 0.38 263 1 326.541708333 -0.886694444444
CSS_J214629.1-024557 1001117001806 21:46:29.10 -02:45:57.8 16.96 0.331052 0.4 260 5 326.62125 -1.23394444444
CSS_J214645.3+010742 1101117029851 21:46:45.39 +01:07:42.0 16.14 1.62411 0.28 283 2 326.689125 1.12833333333
CSS_J214646.0+004242 1101117018879 21:46:46.05 +00:42:42.9 14.0 1.5930234 0.07 283 16 326.691875 0.711916666667
CSS_J214720.5+003503 1101117015168 21:47:20.57 +00:35:03.9 19.21 0.5013094 0.87 268 4 326.835708333 0.584416666667
CSS_J214725.6-013034 1001117034491 21:47:25.69 -01:30:34.1 14.45 0.448504 0.26 263 1 326.857041667 -0.490527777778
CSS_J214750.5+001527 1101117007412 21:47:50.51 +00:15:27.9 13.65 1.58604 0.26 283 2 326.960458333 0.25775
CSS_J214804.8+002201 1101117010735 21:48:04.87 +00:22:01.9 12.37 214.592 1.65 284 13 327.020291667 0.367194444444
CSS_J214811.4-010102 1001117047567 21:48:11.41 -01:01:02.7 17.59 0.252224 0.62 266 1 327.047541667 -0.982583333333
CSS_J214812.9+003346 1101117014692 21:48:12.93 +00:33:46.9 18.76 0.308536 0.57 266 1 327.053875 0.563027777778
CSS_J214833.3+005831 1101117026355 21:48:33.30 +00:58:31.2 12.44 108.778 0.41 283 13 327.13875 0.975333333333
CSS_J214838.2+011539 1101117033263 21:48:38.24 +01:15:39.0 18.0 0.810922 0.28 273 2 327.159333333 1.26083333333
CSS_J214851.2+002427 1101117010894 21:48:51.28 +00:24:27.4 14.26 89.055154 0.24 283 8 327.213666667 0.407611111111
CSS_J215002.0-005400 1001117050657 21:50:02.03 -00:54:00.7 16.7 0.635062 0.2 262 1 327.508458333 0.900194444444
CSS_J215013.7-005742 1001117049038 21:50:13.76 -00:57:42.8 16.28 0.276708 0.14 262 1 327.557333333 0.961888888889
CSS_J215054.7-011748 1001117039663 21:50:54.77 -01:17:48.0 16.9 1.3262160 0.33 262 2 327.728208333 -0.703333333333
CSS_J215102.4-001901 1001117065146 21:51:02.48 -00:19:01.3 18.2 0.6758350 0.4 257 4 327.760333333 0.317027777778
CSS_J215113.7+001956 1101117008927 21:51:13.70 +00:19:56.0 15.4 1.0489228 0.94 281 2 327.807083333 0.332222222222
CSS_J215133.9-005731 1001117049173 21:51:33.96 -00:57:31.3 14.79 280.90737 0.17 261 8 327.8915 0.958694444444
CSS_J215146.8-025918 1004117072306 21:51:46.82 -02:59:18.1 15.59 0.486556 0.16 261 1 327.945083333 -1.01163888889
CSS_J215203.0+010742 1101117029766 21:52:03.05 +01:07:42.8 16.48 0.85126 0.27 281 2 328.012708333 1.12855555556
CSS_J215215.6-002831 1001117061636 21:52:15.63 -00:28:31.7 14.48 0.25179 0.17 261 1 328.065125 0.475472222222
CSS_J215226.5+005356 1101117023650 21:52:26.51 +00:53:56.8 15.63 0.290104 0.36 281 1 328.110458333 0.899111111111
CSS_J215235.1-002317 1001117063654 21:52:35.11 -00:23:17.6 14.94 0.527057 0.53 261 2 328.146291667 0.388222222222
CSS_J215412.7-001808 1001117066057 21:54:12.73 -00:18:08.1 12.62 1.52306 0.76 262 2 328.553041667 0.30225
CSS_J215447.3-014315 1001117028827 21:54:47.33 -01:43:15.8 15.49 0.261976 0.45 251 1 328.697208333 -0.278944444444
CSS_J215503.9+002116 1101117009340 21:55:03.99 +00:21:16.2 17.59 4.6723076 0.97 281 2 328.766625 0.3545
CSS_J215555.7+004236 1101117018665 21:55:55.73 +00:42:36.5 15.34 0.319195 0.16 270 1 328.982208333 0.710138888889
CSS_J215556.1+000304 1101117002097 21:55:56.18 +00:03:04.7 13.86 0.276564 0.27 264 1 328.984083333 0.0513055555556
CSS_J215601.9+001736 1101117008041 21:56:01.97 +00:17:36.7 14.14 0.2729399 0.44 241 5 329.008208333 0.293527777778
CSS_J215633.5-010826 1001118040941 21:56:33.56 -01:08:26.4 16.29 0.336096 0.16 239 1 329.139833333 -0.859333333333
CSS_J215653.5-015026 1001118023415 21:56:53.59 -01:50:26.9 15.76 0.299238 0.12 239 1 329.223291667 -0.159194444444
CSS_J215705.0+011547 1101118032771 21:57:05.02 +01:15:47.0 16.84 0.327687 0.54 273 1 329.270916667 1.26305555556
CSS_J215717.4-000344 1001118068781 21:57:17.45 -00:03:44.4 18.74 0.5098859 0.83 251 4 329.322708333 0.0623333333333
CSS_J215722.9-005846 1001118045029 21:57:22.94 -00:58:46.9 15.06 0.2541456 0.23 239 5 329.345583333 0.979694444444
CSS_J215727.4+003211 1101118013786 21:57:27.43 +00:32:11.9 17.07 0.294848 0.42 273 1 329.364291667 0.536638888889
CSS_J215740.1+001706 1101118007539 21:57:40.18 +00:17:06.7 16.28 0.3386275 0.36 273 5 329.417416667 0.285194444444
CSS_J215811.0+002246 1101118009987 21:58:11.06 +00:22:46.9 15.2 0.396564 0.61 273 2 329.546083333 0.379694444444
CSS_J215832.4+000540 1101118002846 21:58:32.41 +00:05:40.9 15.57 1.8844209 0.61 273 2 329.635041667 0.0946944444444
CSS_J215845.9-014900 1001118023985 21:58:45.99 -01:49:00.8 16.97 0.425628 0.18 238 1 329.691625 -0.183111111111
CSS_J215856.9-004039 1001118052598 21:58:56.95 -00:40:39.4 12.98 0.7076059 0.23 239 1 329.737291667 0.677611111111
CSS_J215932.6-004425 1001118051027 21:59:32.65 -00:44:25.7 17.04 0.344823 0.31 237 5 329.886041667 0.740472222222
CSS_J220000.0+011505 1101118032667 22:00:00.05 +01:15:05.5 13.77 0.32331 0.15 273 1 330.000208333 1.25152777778
CSS_J220013.8-012312 1001118034927 22:00:13.84 -01:23:12.5 16.17 0.4381984 0.23 239 2 330.057666667 -0.613194444444
CSS_J220019.0+010408 1101118027446 22:00:19.09 +01:04:08.2 16.77 0.23695 0.13 273 1 330.079541667 1.06894444444
CSS_J220128.5+004712 1101118020099 22:01:28.59 +00:47:12.6 16.17 509.91424 0.24 273 8 330.369125 0.786833333333
CSS_J220137.2-014443 1001118025761 22:01:37.25 -01:44:43.2 15.86 5.4541 0.57 239 2 330.405208333 -0.254666666667
CSS_J220156.6+011155 1101118030862 22:01:56.61 +01:11:55.9 18.0 0.297833 0.23 270 5 330.485875 1.19886111111
CSS_J220209.6-014758 1001118024676 22:02:09.61 -01:47:58.0 13.11 0.277804 0.46 239 1 330.540041667 -0.200555555556
CSS_J220233.9+011421 1101118032256 22:02:33.98 +01:14:21.4 15.11 0.410377 0.2 273 1 330.641583333 1.23927777778
CSS_J220254.6+005737 1101118024929 22:02:54.67 +00:57:37.6 13.5 0.887277 0.17 273 1 330.727791667 0.960444444444
CSS_J220343.1-010227 1001118043448 22:03:43.13 -01:02:27.9 15.84 0.25938 0.62 239 1 330.929708333 -0.958916666667
CSS_J220345.1-003217 1001118056036 22:03:45.14 -00:32:17.0 18.35 0.5854212 0.5 282 4 330.938083333 0.538055555556
CSS_J220416.7+005755 1101118024751 22:04:16.75 +00:57:55.5 16.13 0.5003169 0.71 331 4 331.069791667 0.965416666667
CSS_J220440.9-024740 1001118001121 22:04:40.93 -02:47:40.3 15.81 0.298962 0.22 228 1 331.170541667 -1.20547222222
CSS_J220543.0-002345 1001118065470 22:05:43.05 -00:23:45.5 12.65 0.26205 0.59 133 1 331.429375 0.395972222222
CSS_J220615.1-011232 1001118039341 22:06:15.17 -01:12:32.2 15.32 0.47443 0.38 239 2 331.563208333 -0.791055555556
CSS_J220654.2-010515 1001118042166 22:06:54.26 -01:05:15.6 17.64 0.3567357 0.35 237 5 331.726083333 -0.912333333333
CSS_J220814.1+001540 1101119006782 22:08:14.10 +00:15:40.2 15.17 0.242128 0.14 282 1 332.05875 0.261166666667
CSS_J220822.4+010501 1101119027140 22:08:22.42 +01:05:01.0 17.71 0.5020314 1.03 290 4 332.093416667 1.08361111111
CSS_J220950.9+002952 1101119012733 22:09:50.93 +00:29:52.2 14.24 0.388406 0.26 283 1 332.462208333 0.497833333333
CSS_J220955.9-003850 1001119049684 22:09:55.99 -00:38:50.6 16.32 0.3016434 0.44 263 5 332.483291667 0.647388888889
CSS_J221024.2-013220 1001119029793 22:10:24.27 -01:32:20.8 16.03 0.502122 0.25 263 2 332.601125 -0.460888888889
CSS_J221049.5+011233 1101119030708 22:10:49.59 +01:12:33.7 13.1 0.461176 0.16 283 1 332.706625 1.20936111111
CSS_J221149.4+010935 1101119029209 22:11:49.44 +01:09:35.2 15.48 0.344513 0.49 282 1 332.956 1.15977777778
CSS_J221158.5+001132 1101119005077 22:11:58.58 +00:11:32.4 16.43 0.2831222 0.43 283 6 332.994083333 0.192333333333
CSS_J221223.6+000457 1101119002396 22:12:23.60 +00:04:57.6 16.07 0.3505107 0.37 282 5 333.098333333 0.0826666666667
CSS_J221227.9-014654 1001119024202 22:12:27.99 -01:46:54.0 14.83 2.43398 0.46 263 8 333.116625 -0.218333333333
CSS_J221242.2-010358 1001119040389 22:12:42.26 -01:03:58.7 15.63 0.247082 0.33 263 1 333.176083333 -0.933694444444
CSS_J221316.8-003215 1001119052209 22:13:16.86 -00:32:15.6 16.94 0.3365876 0.39 262 5 333.32025 0.537666666667
CSS_J221318.1-000811 1001119060638 22:13:18.14 -00:08:11.9 12.67 0.367656 0.24 263 1 333.325583333 0.136638888889
CSS_J221353.2-013443 1001119028930 22:13:53.29 -01:34:43.5 13.64 0.4793754 0.29 263 6 333.472041667 -0.42125
CSS_J221429.4-003049 1001119052790 22:14:29.40 -00:30:49.5 15.43 0.306133 0.3 262 1 333.6225 0.51375
CSS_J221453.9-011514 1001119036344 22:14:53.96 -01:15:14.9 13.76 0.2708330 0.07 262 1 333.724833333 -0.745861111111
CSS_J221513.2-004926 1001119046090 22:15:13.20 -00:49:26.5 14.06 0.3608 0.18 261 1 333.805 0.824027777778
CSS_J221543.1-011053 1001119037610 22:15:43.18 -01:10:53.9 18.64 1.29802 0.5 258 2 333.929916667 -0.818361111111
CSS_J221610.6-011049 1001119037681 22:16:10.65 -01:10:49.8 17.48 0.264584 0.45 262 1 334.044375 -0.8195
CSS_J221657.3-000633 1001119064454 22:16:57.30 -00:06:33.1 18.41 2.23825 0.78 250 2 334.23875 0.109194444444
CSS_J221740.4-003022 1001119053119 22:17:40.41 -00:30:22.7 14.2 1.23752 0.24 262 2 334.418375 0.506305555556
CSS_J221957.0-003947 1001120051122 22:19:57.03 -00:39:47.5 12.25 0.327422 0.54 250 1 334.987625 0.663194444444
CSS_J222008.1-003911 1001120050659 22:20:08.13 -00:39:11.7 17.83 0.46 0.45 250 1 335.033875 0.65325
CSS_J222052.6-000207 1001120063777 22:20:52.65 -00:02:07.2 16.79 0.227532 0.39 202 1 335.219375 0.0353333333333
CSS_J222102.5+002633 1101120011066 22:21:02.56 +00:26:33.6 14.4 0.349177 0.4 273 5 335.260666667 0.442666666667
CSS_J222103.0-014615 1001120024457 22:21:03.07 -01:46:15.4 17.06 0.340219 0.44 250 1 335.262791667 -0.229055555556
CSS_J222207.9-011104 1001120038664 22:22:07.94 -01:11:04.4 13.43 0.440142 0.14 250 1 335.533083333 -0.815444444444
CSS_J222208.2-025822 1004120061783 22:22:08.26 -02:58:22.3 14.77 0.856566 0.49 248 2 335.534416667 -1.02713888889
CSS_J222214.2+010100 1101120025280 22:22:14.27 +01:01:00.3 17.35 0.3954745 0.37 273 5 335.559458333 1.01675
CSS_J222246.5-013749 1001120028013 22:22:46.51 -01:37:49.7 16.71 0.245756 0.81 250 1 335.693791667 -0.369527777778
CSS_J222301.4-003759 1001120051423 22:23:01.42 -00:37:59.2 15.18 0.329106 0.14 250 1 335.755916667 0.633111111111
CSS_J222326.3+002209 1101120009185 22:23:26.34 +00:22:09.0 16.65 0.275259 0.28 272 5 335.85975 0.369166666667
CSS_J222338.4+005346 1101120022324 22:23:38.47 +00:53:46.8 16.36 2.19468 0.12 271 1 335.910291667 0.896333333333
CSS_J222339.7-000629 1001120065360 22:23:39.79 -00:06:29.2 16.12 0.845681 0.14 250 2 335.915791667 0.108111111111
CSS_J222406.4+001504 1101120006186 22:24:06.44 +00:15:04.0 17.99 0.258702 0.65 272 1 336.026833333 0.251111111111
CSS_J222409.8-025529 1004120059569 22:24:09.82 -02:55:29.3 18.31 0.324568 0.36 244 5 336.040916667 -1.07519444444
CSS_J222420.0+010811 1101120028380 22:24:20.01 +01:08:11.0 15.6 0.39191 0.09 272 1 336.083375 1.13638888889
CSS_J222455.1+000242 1101120001347 22:24:55.15 +00:02:42.4 17.15 0.358949 0.38 261 5 336.229791667 0.0451111111111
CSS_J222527.2-001805 1001120059432 22:25:27.23 -00:18:05.6 17.43 0.3298045 0.39 250 5 336.363458333 0.301555555556
CSS_J222607.9-010308 1001120041620 22:26:07.98 -01:03:08.8 15.31 0.400348 0.42 250 1 336.53325 -0.947555555556
CSS_J222723.5-015102 1001120022590 22:27:23.54 -01:51:02.5 16.95 0.2412 0.18 250 1 336.848083333 -0.149305555556
CSS_J222733.5-001718 1001120060038 22:27:33.58 -00:17:18.5 13.13 0.374068 0.32 250 1 336.889916667 0.288472222222
CSS_J222734.5-003756 1001120051208 22:27:34.53 -00:37:56.6 17.26 0.315616 0.34 250 5 336.893875 0.632388888889
CSS_J222800.5+000419 1101120001923 22:28:00.59 +00:04:19.5 16.31 0.257116 0.19 272 1 337.002458333 0.0720833333333
CSS_J222807.0+002931 1101120012385 22:28:07.09 +00:29:31.1 14.81 0.275279 0.23 273 1 337.029541667 0.491972222222
CSS_J222829.1+010839 1101120028493 22:28:29.12 +01:08:39.0 17.06 0.248804 0.25 272 1 337.121333333 1.14416666667
CSS_J222916.3-002618 1001120055846 22:29:16.35 -00:26:18.4 14.71 0.4167740 0.15 250 2 337.318125 0.438444444444
CSS_J223005.1+005211 1101121020305 22:30:05.10 +00:52:11.9 16.58 0.2666 0.66 278 1 337.52125 0.869972222222
CSS_J223016.4+003632 1101121014047 22:30:16.44 +00:36:32.1 18.36 0.265325 0.54 276 1 337.5685 0.608916666667
CSS_J223029.2+000020 1101121000893 22:30:29.27 +00:00:20.1 14.24 0.365788 0.56 195 1 337.621958333 0.00558333333333
CSS_J223052.3+011419 1101121028565 22:30:52.39 +01:14:19.8 16.43 0.733517 0.16 278 1 337.718291667 1.23883333333
CSS_J223054.5-013538 1001121025979 22:30:54.50 -01:35:38.3 15.52 1.49388 0.44 269 2 337.727083333 -0.406027777778
CSS_J223057.5-000324 1001121059882 22:30:57.51 -00:03:24.8 16.44 0.3123185 0.42 239 5 337.739625 0.0568888888889
CSS_J223214.7-015323 1001121019355 22:32:14.75 -01:53:23.2 19.15 0.372922 0.62 246 5 338.061458333 -0.110222222222
CSS_J223235.3-010140 1001121038970 22:32:35.34 -01:01:40.2 13.95 0.59639 0.26 269 1 338.14725 -0.972166666667
CSS_J223242.4-024824 1001121000679 22:32:42.48 -02:48:24.3 17.29 0.442138 0.52 228 1 338.177 -1.19325
CSS_J223249.1+001523 1101121006247 22:32:49.10 +00:15:23.9 17.98 0.234052 0.3 278 1 338.204583333 0.256638888889
CSS_J223251.2-024905 1001121000543 22:32:51.27 -02:49:05.9 15.47 0.3644042 0.44 200 5 338.213625 -1.18169444444
CSS_J223307.9-014820 1001121021750 22:33:07.92 -01:48:20.1 12.45 0.2547231 0.25 269 5 338.283 -0.194416666667
CSS_J223355.8+002450 1101121010377 22:33:55.84 +00:24:50.4 12.21 0.238654 0.29 278 1 338.482666667 0.414
CSS_J223420.4-002930 1001121050809 22:34:20.43 -00:29:30.4 15.82 0.296015 0.23 269 1 338.585125 0.491777777778
CSS_J223425.2+003425 1101121013266 22:34:25.22 +00:34:25.3 17.3 0.250581 0.41 278 1 338.605083333 0.573694444444
CSS_J223427.5-013631 1001121025590 22:34:27.58 -01:36:31.2 17.41 0.30239 0.68 269 1 338.614916667 -0.391333333333
CSS_J223436.1-024742 1001121000906 22:34:36.18 -02:47:42.7 15.53 0.7669064 0.43 238 1 338.65075 -1.20480555556
CSS_J223451.6+001506 1101121006253 22:34:51.67 +00:15:06.4 16.21 0.232934 0.1 278 1 338.715291667 0.251777777778
CSS_J223552.1-005035 1001121042868 22:35:52.10 -00:50:35.4 17.41 0.7402795 0.4 269 2 338.967083333 0.843166666667
CSS_J223637.5-011927 1001121032066 22:36:37.54 -01:19:27.5 16.86 0.3129061 0.16 269 1 339.156416667 -0.675694444444
CSS_J223743.7+001753 1101121007213 22:37:43.70 +00:17:53.7 16.92 0.222916 0.54 278 1 339.432083333 0.29825
CSS_J223808.5-003044 1001121050509 22:38:08.50 -00:30:44.5 14.57 0.29832 0.19 269 1 339.535416667 0.512361111111
CSS_J223848.1-014039 1001121024262 22:38:48.17 -01:40:39.4 15.06 0.345754 0.38 269 1 339.700708333 -0.322388888889
CSS_J223855.0-024835 1001121000570 22:38:55.07 -02:48:35.4 17.24 0.229004 0.39 213 1 339.729458333 -1.19016666667
CSS_J223908.3-002604 1001121052407 22:39:08.34 -00:26:04.6 13.15 110.98526 1.06 269 13 339.78475 0.434611111111
CSS_J223912.5-003514 1001121048801 22:39:12.50 -00:35:14.1 14.08 0.345728 0.34 269 1 339.802083333 0.58725
CSS_J223920.8-011742 1001121032530 22:39:20.88 -01:17:42.0 17.59 0.259468 0.34 268 1 339.837 -0.705
CSS_J223927.2-013656 1001121025822 22:39:27.28 -01:36:56.7 12.93 0.430347 0.4 269 1 339.863666667 -0.38425
CSS_J223941.5-005245 1001121042354 22:39:41.59 -00:52:45.1 14.4 0.253706 0.35 269 1 339.923291667 0.879194444444
CSS_J223948.8-011550 1001121033271 22:39:48.82 -01:15:50.7 16.3 0.247302 0.11 269 1 339.953416667 -0.735916666667
CSS_J224105.4-003717 1001121047873 22:41:05.45 -00:37:17.4 15.08 0.28247 0.62 211 1 340.272708333 0.6215
CSS_J224116.7-014137 1001122024868 22:41:16.74 -01:41:37.4 16.89 0.250372 0.23 250 1 340.31975 -0.306277777778
CSS_J224214.6-011944 1001122032872 22:42:14.65 -01:19:44.1 15.83 0.610227 0.78 250 2 340.561041667 -0.671083333333
CSS_J224217.4-012100 1001122032502 22:42:17.47 -01:21:00.2 13.94 0.286164 0.18 249 1 340.572791667 -0.649944444444
CSS_J224232.0-013952 1001122025501 22:42:32.03 -01:39:52.3 16.88 0.241576 0.2 250 1 340.633458333 -0.335472222222
CSS_J224349.3+000425 1101122002083 22:43:49.37 +00:04:25.7 15.89 0.263007 0.14 277 1 340.955708333 0.0738055555556
CSS_J224410.0+005853 1101122022342 22:44:10.07 +00:58:53.5 12.52 0.284672 0.3 277 1 341.041958333 0.981527777778
CSS_J224508.2-001812 1001122054589 22:45:08.28 -00:18:12.3 13.23 0.364893 0.27 250 1 341.2845 0.303416666667
CSS_J224519.0-011900 1001122032955 22:45:19.08 -01:19:00.1 18.32 0.3622218 0.28 244 5 341.3295 -0.683305555556
CSS_J224627.3-001626 1001122054860 22:46:27.30 -00:16:26.9 17.47 0.2623338 0.25 250 5 341.61375 0.274138888889
CSS_J224630.2+010018 1101122022478 22:46:30.22 +01:00:18.6 15.65 0.5377500 0.4 277 1 341.625916667 1.00516666667
CSS_J224723.3-013449 1001122027357 22:47:23.31 -01:34:49.4 18.4 0.60942 0.91 242 4 341.847125 -0.419611111111
CSS_J224746.8-025042 1004122057816 22:47:46.83 -02:50:42.2 14.05 0.556236 0.2 178 1 341.945125 -1.15494444444
CSS_J224751.4+002913 1101122011044 22:47:51.47 +00:29:13.4 14.95 0.25325 0.12 277 1 341.964458333 0.487055555556
CSS_J224828.6-015159 1001122020901 22:48:28.69 -01:51:59.1 17.11 0.31256 0.25 249 1 342.119541667 -0.133583333333
CSS_J224842.3-005150 1001122042387 22:48:42.34 -00:51:50.9 15.53 1.96692 0.13 250 1 342.176416667 0.864138888889
CSS_J224857.5-012319 1001122031629 22:48:57.58 -01:23:19.7 16.6 0.3174079 0.48 250 5 342.239916667 -0.611194444444
CSS_J224942.9+004601 1101122017230 22:49:42.97 +00:46:01.3 13.31 0.30163 0.7 277 1 342.429041667 0.767027777778
CSS_J225038.6+010720 1101122024816 22:50:38.68 +01:07:20.4 18.53 0.4081342 0.37 277 5 342.661166667 1.12233333333
CSS_J225224.9-014054 1001122025075 22:52:24.99 -01:40:54.5 17.51 0.371758 0.44 146 1 343.104125 -0.318194444444
CSS_J225237.3+004421 1101123016009 22:52:37.37 +00:44:21.8 15.34 63.8815 0.16 260 8 343.155708333 0.739388888889
CSS_J225324.6-011404 1001123032314 22:53:24.69 -01:14:04.7 13.97 0.395705 0.38 238 1 343.352875 -0.765361111111
CSS_J225345.2-024855 1001123000687 22:53:45.28 -02:48:55.9 13.82 2.25335 0.64 180 9 343.438666667 -1.18447222222
CSS_J225424.8+004828 1101123017568 22:54:24.89 +00:48:28.7 15.1 5.83152 0.31 260 2 343.603708333 0.807972222222
CSS_J225520.2+010324 1101123022777 22:55:20.20 +01:03:24.8 16.42 0.321404 0.48 260 1 343.834166667 1.05688888889
CSS_J225550.0-024408 1001123002156 22:55:50.01 -02:44:08.3 15.56 0.40822 0.87 236 1 343.958375 -1.26436111111
CSS_J225621.1-003426 1001123046024 22:56:21.13 -00:34:26.9 14.68 0.339595 0.44 242 5 344.088041667 0.574138888889
CSS_J225638.4-005218 1001123040053 22:56:38.46 -00:52:18.4 13.61 6.3055124 0.11 242 8 344.16025 0.871777777778
CSS_J225643.9-025622 1004123051601 22:56:43.91 -02:56:22.3 15.51 1.1710808 0.1 248 1 344.182958333 -1.06047222222
CSS_J225706.2+011322 1101123026834 22:57:06.21 +01:13:22.3 15.12 0.569834 0.08 260 1 344.275875 1.22286111111
CSS_J225708.6-013459 1001123024940 22:57:08.63 -01:34:59.4 16.07 0.30928 0.35 242 1 344.285958333 -0.416833333333
CSS_J225713.3-005522 1001123038806 22:57:13.32 -00:55:22.9 14.85 0.525416 0.29 242 1 344.3055 0.923027777778
CSS_J225805.6-015059 1001123019617 22:58:05.65 -01:50:59.0 17.2 0.29157 0.44 242 5 344.523541667 -0.150277777778
CSS_J225808.5-000311 1001123054828 22:58:08.52 -00:03:11.0 16.22 0.2408348 0.67 214 1 344.5355 0.0530555555556
CSS_J225809.2+005216 1101123018892 22:58:09.28 +00:52:16.9 15.82 0.2827404 0.39 260 5 344.538666667 0.871361111111
CSS_J230020.7-001710 1001123051790 23:00:20.72 -00:17:10.6 14.7 0.7394568 0.45 241 2 345.086333333 0.286277777778
CSS_J230109.2-012644 1001123027902 23:01:09.26 -01:26:44.9 14.3 0.304208 0.29 242 1 345.288583333 -0.554194444444
CSS_J230127.0-014832 1001123020452 23:01:27.03 -01:48:32.9 14.46 10.6215 0.12 242 1 345.362625 -0.190861111111
CSS_J230133.9-001912 1001123051042 23:01:33.99 -00:19:12.1 16.09 0.5526199 0.59 242 2 345.391625 0.320027777778
CSS_J230244.5-013054 1001123026252 23:02:44.59 -01:30:54.0 16.39 0.322885 0.37 242 5 345.685791667 -0.485
CSS_J230305.0+003449 1101123012659 23:03:05.06 +00:34:49.9 16.37 0.342123 0.32 260 6 345.771083333 0.580527777778
CSS_J230434.9-013743 1001124023937 23:04:34.91 -01:37:43.3 16.85 0.855042 0.18 232 2 346.145458333 -0.371305555556
CSS_J230602.1-012800 1001124027302 23:06:02.14 -01:28:00.1 17.88 0.463155 0.2 231 2 346.508916667 -0.533305555556
CSS_J230627.7-001440 1001124052854 23:06:27.72 -00:14:40.3 15.89 0.350849 0.42 232 5 346.6155 0.244527777778
CSS_J230707.8-011857 1001124030408 23:07:07.81 -01:18:57.6 17.63 0.274376 0.21 236 1 346.782541667 -0.684
CSS_J230713.7-004744 1001124041429 23:07:13.72 -00:47:44.5 17.51 0.7816 0.65 236 2 346.807166667 0.795694444444
CSS_J230846.5+000956 1101124003770 23:08:46.56 +00:09:56.2 15.21 0.277512 0.25 251 1 347.194 0.165611111111
CSS_J230943.4-002918 1001124047772 23:09:43.49 -00:29:18.7 17.74 0.3286925 0.46 236 5 347.431208333 0.488527777778
CSS_J231022.4+011123 1101124024432 23:10:22.47 +01:11:23.3 17.06 0.4562722 0.41 248 1 347.593625 1.18980555556
CSS_J231107.9-000836 1001124056185 23:11:07.90 -00:08:36.4 16.97 0.246564 0.55 236 1 347.782916667 0.143444444444
CSS_J231328.0-014644 1001124020926 23:13:28.07 -01:46:44.7 16.23 0.302112 0.46 236 1 348.366958333 -0.220916666667
CSS_J231350.5-025954 1004124057021 23:13:50.50 -02:59:54.3 17.55 0.3813417 0.41 243 5 348.460416667 -1.00158333333
CSS_J231404.9-001833 1001124051613 23:14:04.95 -00:18:33.6 16.53 0.3351354 0.41 236 5 348.520625 0.309333333333
CSS_J231434.4-012449 1001124028406 23:14:34.41 -01:24:49.6 16.42 0.456459 0.33 233 2 348.643375 -0.586222222222
CSS_J231505.3-010617 1001125033831 23:15:05.38 -01:06:17.8 13.69 0.229588 0.27 240 1 348.772416667 -0.895055555556
CSS_J231526.5-012228 1001125027932 23:15:26.57 -01:22:28.9 17.57 1.50201 1.16 240 9 348.860708333 -0.625305555556
CSS_J231618.2+011036 1101125023384 23:16:18.29 +01:10:36.5 14.89 0.46451 0.62 233 1 349.076208333 1.17680555556
CSS_J231709.3-003548 1001125044295 23:17:09.30 -00:35:48.1 12.07 0.332194 0.36 244 1 349.28875 0.596694444444
CSS_J231823.9-004415 1001125040898 23:18:23.92 -00:44:15.2 19.01 0.21752 0.36 239 1 349.599666667 0.737555555556
CSS_J231827.6-014910 1001125019103 23:18:27.67 -01:49:10.9 15.23 0.4143618 0.38 248 5 349.615291667 -0.180305555556
CSS_J231830.0-011726 1001125030069 23:18:30.02 -01:17:26.7 13.7 0.28282 0.21 248 1 349.625083333 -0.70925
CSS_J231955.2-001111 1001125052717 23:19:55.27 -00:11:11.8 17.14 0.6177148 0.17 316 4 349.980291667 0.186611111111
CSS_J232028.0+000531 1101125002035 23:20:28.06 +00:05:31.5 17.05 0.64275 0.18 233 4 350.116916667 0.0920833333333
CSS_J232038.0+004515 1101125014637 23:20:38.02 +00:45:15.1 14.8 0.287013 0.63 234 1 350.158416667 0.754194444444
CSS_J232244.5+004451 1101125014483 23:22:44.58 +00:44:51.5 15.29 0.255838 0.35 234 1 350.68575 0.747638888889
CSS_J232340.9-012422 1001125027343 23:23:40.90 -01:24:22.2 16.17 0.306822 0.19 248 1 350.920416667 -0.593833333333
CSS_J232348.2-003417 1001125044374 23:23:48.25 -00:34:17.7 13.02 0.511034 0.21 248 1 350.951041667 0.571583333333
CSS_J232435.1-000212 1001125054600 23:24:35.13 -00:02:12.4 17.62 0.281366 0.44 222 1 351.146375 0.0367777777778
CSS_J232615.2+000334 1101126001639 23:26:15.27 +00:03:34.6 16.76 0.2912907 0.29 209 5 351.563625 0.0596111111111
CSS_J232641.1+004744 1101126016074 23:26:41.19 +00:47:44.1 15.61 0.766884 0.29 227 2 351.671625 0.795583333333
CSS_J232839.2+010142 1101126021018 23:28:39.28 +01:01:42.9 15.4 0.4324260 0.35 231 5 352.163666667 1.02858333333
CSS_J232913.2-013118 1001126025687 23:29:13.22 -01:31:18.8 15.51 4.3823471 0.33 226 8 352.305083333 -0.478111111111
CSS_J232957.2-014300 1001126021658 23:29:57.28 -01:43:00.1 17.88 0.3099651 0.5 225 5 352.488666667 -0.283305555556
CSS_J233003.4-024818 1001126001044 23:30:03.45 -02:48:18.2 13.4 0.326358 0.17 172 1 352.514375 -1.19494444444
CSS_J233103.7+010339 1101126021705 23:31:03.78 +01:03:39.1 16.67 0.4982916 1.17 287 4 352.76575 1.06086111111
CSS_J233106.1-004330 1001126041976 23:31:06.10 -00:43:30.6 16.87 0.252898 0.33 230 1 352.775416667 0.725166666667
CSS_J233246.8-015150 1001126018683 23:32:46.82 -01:51:50.2 17.83 0.6383091 0.32 226 4 353.195083333 -0.136055555556
CSS_J233312.3+011225 1101126024424 23:33:12.31 +01:12:25.3 17.77 0.294114 0.31 231 1 353.301291667 1.20702777778
CSS_J233342.3-012939 1001126026286 23:33:42.38 -01:29:39.3 15.26 0.385556 0.47 230 1 353.426583333 -0.50575
CSS_J233403.0-003400 1001126045161 23:34:03.09 -00:34:00.3 17.47 0.6261693 0.27 279 4 353.512875 0.56675
CSS_J233408.7+002704 1101126008974 23:34:08.75 +00:27:04.7 18.94 0.235548 0.63 223 1 353.536458333 0.451305555556
CSS_J233436.6-013209 1001126025491 23:34:36.64 -01:32:09.2 14.17 0.324481 0.32 230 1 353.652666667 -0.464111111111
CSS_J233450.0+001236 1101126004404 23:34:50.00 +00:12:36.2 17.06 0.4128505 0.35 231 1 353.708333333 0.210055555556
CSS_J233511.5+003256 1101126011082 23:35:11.53 +00:32:56.2 15.84 1.29473 0.28 231 2 353.798041667 0.548944444444
CSS_J233520.9-002150 1001126049482 23:35:20.90 -00:21:50.2 13.55 0.363187 0.17 230 1 353.837083333 0.363944444444
CSS_J233636.3+004223 1101126014425 23:36:36.31 +00:42:23.6 14.02 0.335319 0.1 231 1 354.151291667 0.706555555556
CSS_J233655.0+000602 1101126002410 23:36:55.07 +00:06:02.4 14.72 0.260144 0.13 227 1 354.229458333 0.100666666667
CSS_J233832.5+005123 1101127017362 23:38:32.53 +00:51:23.6 19.21 0.2753533 0.43 197 5 354.635541667 0.856555555556
CSS_J234118.8+004255 1101127014653 23:41:18.82 +00:42:55.0 14.53 0.107023 0.22 208 11 355.328416667 0.715277777778
CSS_J234207.3+003253 1101127011298 23:42:07.31 +00:32:53.0 14.74 0.417492 0.4 208 5 355.530458333 0.548055555556
CSS_J234331.2-010354 1001127036441 23:43:31.21 -01:03:54.4 14.19 1.13869 0.17 226 2 355.880041667 -0.934888888889
CSS_J234359.3+002713 1101127009411 23:43:59.33 +00:27:13.5 13.68 0.383139 0.32 208 1 355.997208333 0.45375
CSS_J234439.1-014831 1001127021684 23:44:39.12 -01:48:31.0 12.54 0.38325 0.27 226 5 356.163 -0.191388888889
CSS_J234442.4-012850 1001127028292 23:44:42.49 -01:28:50.5 13.72 0.36411 0.26 226 1 356.177041667 -0.519305555556
CSS_J234447.6+010010 1101127020608 23:44:47.62 +01:00:10.5 14.17 0.284731 0.35 208 1 356.198416667 1.00291666667
CSS_J234508.1-004236 1001127042976 23:45:08.14 -00:42:36.2 13.26 0.392834 0.42 226 1 356.283916667 0.710055555556
CSS_J234515.9-001914 1001127050064 23:45:15.97 -00:19:14.7 16.31 0.319008 0.27 226 1 356.316541667 0.32075
CSS_J234554.3-003131 1001127046283 23:45:54.31 -00:31:31.1 15.58 0.6925560 0.45 226 2 356.476291667 0.525305555556
CSS_J234728.8+001026 1101127003672 23:47:28.80 +00:10:26.9 15.68 0.29859 0.68 208 1 356.87 0.174138888889
CSS_J234800.9+005359 1101127018333 23:48:00.93 +00:53:59.7 17.31 0.250896 0.39 208 1 357.003875 0.899916666667
CSS_J234939.6-004257 1001128038134 23:49:39.69 -00:42:57.1 16.41 0.491392 0.34 180 2 357.415375 0.715861111111
CSS_J234952.4-012059 1001128026903 23:49:52.45 -01:20:59.4 16.68 1.76549 0.83 181 2 357.468541667 -0.650166666667
CSS_J235007.1+004631 1101128014308 23:50:07.18 +00:46:31.0 16.82 0.2787181 0.25 109 5 357.529916667 0.775277777778
CSS_J235102.7-005547 1001128034823 23:51:02.73 -00:55:47.0 12.96 0.521584 0.44 180 1 357.761375 0.929722222222
CSS_J235108.0-010925 1001128030615 23:51:08.06 -01:09:25.0 14.63 0.311143 0.58 180 1 357.783583333 -0.843055555556
CSS_J235415.5+010833 1101128021613 23:54:15.55 +01:08:33.9 14.71 0.297014 0.39 109 1 358.564791667 1.14275
CSS_J235502.5+004807 1101128014943 23:55:02.50 +00:48:07.4 15.57 0.271886 0.49 109 1 358.760416667 0.802055555556
CSS_J235740.1+005251 1101128016411 23:57:40.10 +00:52:51.6 14.63 0.303798 0.31 109 1 359.417083333 0.881
CSS_J235742.1-015022 1001128017680 23:57:42.15 -01:50:22.2 14.9 0.30011 0.25 180 5 359.425625 -0.1605
